theta0 = -40.41938970468991
idx_peris = [21, 58, 95, 132, 168, 205]
t_last_peri = 0.47221369628906285
apocentre = [98.50569197297293, 97.47322376249876, 97.06219522782176, 96.87742852447084]
period = 1.7393136691623263
pericentre = 50.62750990808373
idx_peri = 168
idx_f = 178
idx_apos = [39, 77, 114, 150, 187]
t_peris = [200.0439453125, 570.1123046875, 939.921875, 1309.990234375, 1669.9658203125, 2040.0341796875]
dec0 = -35.56461052310118
distance_f = 81.4656297472127
ra0 = 16.917852314886122
t_apos = [379.90234375, 760.0634765625, 1129.873046875, 1490.107421875, 1859.9169921875]
