pericentre = 42.25297629834372
apocentre = 93.06512131873859
pericentres = [43.50040107266321, 42.54727315638352, 42.43909742028629, 42.11006385244044, 42.165159012167, 42.25297629834372]
apocentres = [94.29138795179594, 93.74445278698958, 93.28986231719722, 93.10745170064581, 93.06512131873859, 92.95175066330702]
period = 1.5747777685546873
idx_f = 195
idx_peri = 185
t_last_peri = 0.4709935058593757
t_f_gyr = 9.1465474609375
ra_f = 17.663058513661966
dec_f = -36.28924667100408
distance_f = 80.51802697870558
pmra_f = 0.14002099637610857
pmdec_f = -0.1926040913197856
radial_velocity_f = -0.1926040913197856
theta0 = -40.38405498149405
idx_peris = [18, 52, 86, 119, 152, 185]
idx_apos = [35, 69, 102, 136, 169, 202]
t_peris = [170.0244140625, 510.0732421875, 850.1220703125, 1180.078125, 1510.0341796875, 1839.990234375]
t_apos = [340.048828125, 680.09765625, 1010.0537109375, 1350.1025390625, 1680.05859375, 2010.0146484375]
chi2_best = 339.8326362070891
chi2_best_interp = 339.8326362070891
