[mean]
ra_median = 227.24191260958412
ra_sem = 8.513165303890868e-5
dec_median = 67.22206815754966
dec_sem = 3.008075692172684e-5
distance_median = 68.12825296971893
distance_sem = 0.07836190403452149
pmra_median = -0.12757280833552356
pmra_sem = 0.000346816420627005
pmdec_median = 0.07629305146457674
pmdec_sem = 0.0003283909387791289
radial_velocity_median = -245.86056712688477
radial_velocity_sem = 0.0187719380969317
ra_relative_residual = -0.019420092415758622
dec_relative_residual = -0.019901531462807043
distance_relative_residual = -0.547707508411407
pmra_relative_residual = -0.21016519620726845
pmdec_relative_residual = -0.10040873737783888
radial_velocity_relative_residual = 0.03943287311523136
pericentre_lmc = 34.60820068463708
quantile = 0.5
n_samples = 2834

[smallperi]
ra_median = 227.24136293596808
ra_sem = 0.00045230788926931725
dec_median = 67.22211890995314
dec_sem = 0.00016237652852741247
distance_median = 74.85587210933527
distance_sem = 0.6282112350641218
pmra_median = -0.11304495140085212
pmra_sem = 0.001961971545918615
pmdec_median = 0.07942537735035292
pmdec_sem = 0.0018190619840002444
radial_velocity_median = -245.9717196233163
radial_velocity_sem = 0.09274776201000143
ra_relative_residual = -0.141569784868049
dec_relative_residual = 0.011818720713208108
distance_relative_residual = 1.3210755859264642
pmra_relative_residual = 0.6444146234792869
pmdec_relative_residual = 0.08384572649134815
radial_velocity_relative_residual = -0.07171962331628379
pericentre_lmc = 2.0635794871541338
quantile = 0.016
n_samples = 91

[largeperi]
ra_median = 227.24122050387305
ra_sem = 0.00048267554308447177
dec_median = 67.22230071094796
dec_sem = 0.00016829700830788715
distance_median = 74.92255795029064
distance_sem = 0.10472719805208498
pmra_median = -0.13951117280246728
pmra_sem = 0.0010794527064806768
pmdec_median = 0.06817772528447352
pmdec_sem = 0.0013893577968215065
radial_velocity_median = -245.8438622332213
radial_velocity_sem = 0.1135726042268895
ra_relative_residual = -0.17322136154184087
dec_relative_residual = 0.125444342478076
distance_relative_residual = 1.33959943063629
pmra_relative_residual = -0.9124219295568986
pmdec_relative_residual = -0.5777808656192045
radial_velocity_relative_residual = 0.05613776677870419
pericentre_lmc = 123.8396620847908
quantile = 0.984
n_samples = 91
