pericentre = 41.56156750298888
apocentre = [287.3942256590678]
period = 5.988170867919921
idx_f = 194
idx_peri = 186
t_last_peri = 0.3318215783691406
t_f_gyr = 0.0002486684093261718
ra_f = 17.126704549303867
dec_f = -32.9978632364306
distance_f = 76.30502446607545
pmra_f = 0.1170610949750355
pmdec_f = -0.14100867733558617
radial_velocity_f = -0.14100867733558617
theta0 = -37.54121707049048
idx_peris = [59, 186]
idx_apos = [103]
t_peris = [-1329.2158203125, -59.190185546875]
t_apos = [-888.784912109375]
