pericentre = 43.82180544199164
apocentre = 218.2705933587437
time_last_peri = -80.16023448949683
Lx_i = 67.72896490922832
Ly_i = -10.165311764968827
Lz_i = -3.197870655781437
E_i = -0.7974358788420428
period = nan
dt = -212.00000000000003
peri_apo_max_err = 0.0007051939252207262
pericentre_lmc = 28.71368872079108
apocentre_lmc = 206.47345812278618
time_last_peri_lmc = -23.613092330239375
period_lmc = nan
ra = 15.0183
dec = -33.7186
distance = 83.2
pmra = 0.099
pmdec = -0.16
radial_velocity = 111.2
x = -5.318086617516177
y = -9.450396961535793
z = -82.59317107251523
v_x = 19.466213307260382
v_y = 159.30575522413136
v_z = -94.11455976522963
orbit_name = "mean"
x_i = 18.789806365966797
y_i = 136.88253784179688
z_i = 168.97386169433594
v_x_i = -0.01457872248201729
v_y_i = -0.3778800853997785
v_z_i = 0.06477599663582695
idx_i = 1
t_i = -424.0
ra_err = 0.0012
dec_err = 0.0007
distance_err = 2
pmra_err = 0.017
pmdec_err = 0.017
radial_velocity_err = 0.3
