pericentre = 43.79918017695045
apocentre = 218.5244749485745
time_last_peri = -80.16023448949683
Lx_i = 67.72896571523404
Ly_i = -10.17308813910818
Lz_i = -3.1969809268524325
E_i = -0.7970820114631576
period = nan
dt = -212.00000000000003
peri_apo_max_err = 0.0011040177888759217
ra = 15.0183
dec = -33.7186
distance = 83.2
pmra = 0.099
pmdec = -0.16
radial_velocity = 111.4
x = -5.318086617516177
y = -9.450396961535793
z = -82.59317107251523
v_x = 19.472953419636834
v_y = 159.28303792374305
v_z = -94.31315104184627
orbit_name = "mean"
x_i = 18.817962646484375
y_i = 136.9062042236328
z_i = 169.2794189453125
v_x_i = -0.014662821934331233
v_y_i = -0.37802082823235594
v_z_i = 0.0635676995537665
idx_i = 1
t_i = -424.0
