pericentre = 28.00039433554743
apocentre = 190.44820840823286
time_last_peri = -82.6458231558378
Lx_i = 51.770139401457826
Ly_i = -8.104493893335428
Lz_i = -2.3576090573172697
E_i = -0.9302352617389684
period = nan
dt = -212.00000000000003
peri_apo_max_err = 0.0018824760330495849
pericentre_lmc = 27.17579242765095
apocentre_lmc = 157.43582966883608
time_last_peri_lmc = -25.89154860771861
period_lmc = nan
ra = 15.0183
dec = -33.7186
distance = 84.0
pmra = 0.166
pmdec = -0.237
radial_velocity = 111.2
x = -5.291126168010352
y = -9.541266163089022
z = -83.38753617898173
v_x = 14.470946273991997
v_y = 118.50771589815062
v_z = -89.61711824270067
orbit_name = "smallperi"
x_i = 12.792872428894043
y_i = 168.76119995117188
z_i = 87.32994842529297
v_x_i = 0.0017716010660651564
v_y_i = -0.27815657848332404
v_z_i = 0.29605249314781784
idx_i = 1
t_i = -424.0
ra_err = 0.0012
dec_err = 0.0007
distance_err = 2
pmra_err = 0.017
pmdec_err = 0.017
radial_velocity_err = 0.3
