pericentre = 27.64329784811777
apocentre = 192.1573464398319
time_last_peri = -82.85295554469955
Lx_i = 51.6175934269517
Ly_i = -7.283336235449179
Lz_i = -2.4088240625689306
E_i = -0.9266793426806421
period = nan
dt = -212.00000000000003
peri_apo_max_err = 0.0027445602368807442
ra = 15.0183
dec = -33.7186
distance = 84.556
pmra = 0.171
pmdec = -0.235
radial_velocity = 111.447
x = -5.2723886556038
y = -9.604420258168517
z = -83.93961992797594
v_x = 12.355643158987135
v_y = 117.26353626955293
v_z = -89.79533844929041
orbit_name = "smallperi"
x_i = 10.856364250183105
y_i = 170.24041748046875
z_i = 88.45781707763672
v_x_i = -0.0004988756451105542
v_y_i = -0.283759842728235
v_z_i = 0.290399954197147
idx_i = 1
t_i = -424.0
