pericentre = 38.90838050248859
apocentre = 181.70431560155495
time_last_peri = -68.97508549096239
Lx_i = 59.832670632741795
Ly_i = -6.680341088443689
Lz_i = -4.0527848919959615
E_i = -0.9472447706106709
period = nan
dt = -212.00000000000003
peri_apo_max_err = 0.0008809141023746747
ra = 15.0183
dec = -33.7186
distance = 71.483
pmra = 0.126
pmdec = -0.162
radial_velocity = 111.413
x = -5.712956101090913
y = -8.119503918286814
z = -70.95870113193037
v_x = 11.86699152958612
v_y = 163.99595671633136
v_z = -95.12350803500658
orbit_name = "smallperilmc"
x_i = 6.658234119415283
y_i = 135.86727905273438
z_i = 120.46662902832031
v_x_i = 0.033716435832480685
v_y_i = -0.25679892721148556
v_z_i = 0.27842585123148583
idx_i = 1
t_i = -424.0
