pericentre = 4.276746100388057
apocentre = 67.53927986635676
pericentres = [10.742765738314446, 3.438626953937318, 3.5437399109905914, 4.520572259504614, 4.276746100388057, 5.278950870485466]
apocentres = [69.05076780806446, 67.83452726311614, 67.3775198871077, 67.53927986635676, 67.23187698808397, 66.32650765626002]
period = 0.8109385595703127
idx_peris = [10, 28, 45, 62, 79, 96]
idx_apos = [19, 36, 54, 71, 88, 105]
t_peris = [90.05859375, 269.9169921875, 439.94140625, 609.9658203125, 779.990234375, 950.0146484375]
t_apos = [180.1171875, 349.8828125, 530.0, 700.0244140625, 870.048828125, 1040.0732421875]
idx_f = 82
idx_peri = 79
t_last_peri = 0.1415420898437496
t_f_gyr = 3.8191960449218745
ra_f = 205.01336286360979
dec_f = 22.92112060823653
distance_f = 42.645420463644996
pmra_f = -1.0020276770941678
pmdec_f = -0.8959268057788206
radial_velocity_f = -0.8959268057788206
theta0 = -82.8664747171951
chi2_best = 20.215539069475266
chi2_best_interp = 9.949683891769801
