distance = 86.58000003225986
dec = -33.71859983998557
pmdec_err = 0.002
distance_err = 2.0
pmra = 0.08410799449475366
radial_velocity = 111.38999995002887
ra = 15.018299959685892
pmdec = -0.14716206364170903
radial_velocity_err = 0.2
pmra_err = 0.002
