distance = 79.60000370145781
dec = -33.71859978009574
pmdec_err = 0.002
distance_err = 2.0
pmra = 0.11389199459974886
radial_velocity = 111.43999991044215
ra = 15.018300097236146
pmdec = -0.1680450969666384
radial_velocity_err = 0.2
pmra_err = 0.002
