pericentre = 40.82926055577185
apocentre = 89.57169571105909
pericentres = [43.512300673501365, 42.003031610403006, 41.61909456778543, 41.225631415176636, 41.01181410881592, 40.82926055577185, 40.493897281684816]
apocentres = [93.3920388551894, 91.91041864526109, 90.94025563447425, 90.30144053450215, 89.57169571105909, 88.81170525536785]
period = 1.5215774658203123
idx_peris = [18, 52, 85, 117, 149, 181, 212]
idx_apos = [35, 68, 101, 133, 165, 196]
t_peris = [170.0244140625, 510.0732421875, 840.029296875, 1159.892578125, 1480.0146484375, 1799.8779296875, 2109.9072265625]
t_apos = [340.048828125, 670.0048828125, 999.9609375, 1320.0830078125, 1639.9462890625, 1949.9755859375]
idx_f = 191
idx_peri = 181
t_last_peri = 0.47221369628906373
t_f_gyr = 8.958638134765625
ra_f = 15.594345840852018
dec_f = -34.44574950991643
distance_f = 81.08054332385053
pmra_f = 0.14408237388484954
pmdec_f = -0.21434534382276801
radial_velocity_f = -0.21434534382276801
theta0 = -40.10106975649285
chi2_best = 251.1496503448823
chi2_best_interp = 251.1496503448823
