position_err = 1.7522378742850568
ellipticity = 0.23999999463558197
ellipticity_err = 0.11999999731779099
position_angle = -70.0
position_angle_err = 27.0
bins = [0.3433364419239552, 1.9531505492416643, 2.6298308275211393, 3.7259923502258236, 4.342792487197167, 4.872693313839146, 5.4672518202813105, 6.134357436671633, 6.882862249230061, 7.722698462054449, 8.665010191434485, 9.722301341504082, 10.908601523452315, 12.239652219940012, 13.73311566501069, 15.408809211205376, 17.288968293790514, 19.39854148147449, 21.765521528756526, 24.42131682277151, 27.401168153504628, 30.74461633766345, 34.49602690129204, 38.70517878334665, 43.42792487197176, 48.72693313839156, 54.67251820281322, 61.34357436671645, 68.82862249230075, 77.22698462054466, 86.65010191434502, 104.4364550786644]
