pericentre = 51.03723955776343
apocentre = 97.80073063396404
pericentres = [47.950285573509696, 43.0760213316926, 48.61189574036838, 51.03723955776343, 50.64153151620772]
apocentres = [92.41988575949239, 98.52273052436912, 102.03164864541546, 97.80073063396404, 83.57285186233615]
period = 1.9863728935241696
idx_f = 179
idx_peri = 141
t_last_peri = 1.7906639892578122
t_f_gyr = -1.1087271850585936
ra_f = 236.10736500468613
dec_f = 64.29727451825852
distance_f = 58.164316447560175
pmra_f = 0.07221560280494507
pmdec_f = 0.1720963709327366
radial_velocity_f = 0.1720963709327366
theta0 = 63.29844793693221
idx_peris = [12, 52, 94, 141, 183]
idx_apos = [32, 73, 117, 163, 198]
t_peris = [-1904.8046875, -1504.854736328125, -1085.22705078125, -614.92919921875, -194.8095703125]
t_apos = [-1705.07568359375, -1294.794921875, -854.99755859375, -395.030517578125, -44.766845703125]
chi2_best = 211.21001740189058
chi2_best_interp = 211.21001740189058
