ra = 344.6364583
ra_err = 0.0
ra_ref = "Richstein2022ApJ...933..217R"
dec = 5.9555444
dec_err = 0.0
dec_ref = "Richstein2022ApJ...933..217R"
distance = 182.8100216142741
distance_err = 14.886942396912104
distance_ref = "Sand2012ApJ...756...79S"
pmra = 0.681
pmra_err = 0.309
pmra_ref = "Pace2022ApJ...940..136P"
pmdec = -0.645
pmdec_err = 0.215
pmdec_ref = "Pace2022ApJ...940..136P"
radial_velocity = -226.5
radial_velocity_err = 2.7
radial_velocity_ref = "Kirby2015ApJ...810...56K"
sigma_v = 5.4
sigma_v_err = 3.6
sigma_v_ref = "Kirby2015ApJ...810...56K"
PA = 98.0
PA_err = 3.0
PA_ref = "Richstein2022ApJ...933..217R"
ellipticity = 0.37
ellipticity_err = 0.04
ellipticity_ref = "Richstein2022ApJ...933..217R"
Mv = -4.279999999999998
Mv_err = 0.19
pmra_gsr = 0.58001112242296
pmdec_gsr = -0.45452531499196064
radial_velocity_gsr = -66.37485383313793
theta_pm_gsr = -39.64
