theta0 = 55.32166487601327
idx_peris = [15, 41, 66, 92, 116, 141, 166, 191]
t_last_peri = 0.8016651123046863
apocentre = [81.42419416928229, 77.9963588708824, 76.96160853613361, 76.30043808826994, 76.1453560436261, 75.97679088223929, 75.93219748121214, 75.89373777790432, 76.01314865721818]
period = 1.1881400944010416
pericentre = 30.028568065319146
idx_peri = 191
idx_f = 208
idx_apos = [2, 28, 54, 79, 104, 129, 154, 179, 204]
t_peris = [140.0048828125, 400.087890625, 650.078125, 909.90234375, 1150.05859375, 1400.048828125, 1650.0390625, 1900.029296875]
dec0 = 66.58476683528207
distance_f = 66.88254604622958
ra0 = 225.42554327616932
t_apos = [10.0927734375, 269.9169921875, 530.0, 779.990234375, 1029.98046875, 1279.970703125, 1529.9609375, 1779.951171875, 2029.94140625]
