lastmodel = "orbit_smallperi.3"
dJ = [0.0, 0.0, -0.09]
"dθ" = [-0.13, -0.07, 0.05]
Ji = [7.188035820102818, 39.00511434160734, -8.98113483751905]
"Θi" = [3.069047958868258, 2.868099573538041, 2.0164818680661263]
position_i = [-17.050458908081055, 76.60896301269531, 19.231719970703125]
velocity_i = [0.07687144726514816, 0.18134954571723938, -0.5638709664344788]
ra = 227.24200187512724
dec = 67.22209990383536
pmra = -0.15999997243923866
pmra_err = 0.017
pmdec = 0.05100001075131097
pmdec_err = 0.017
distance = 65.91700157076238
distance_err = 2.9
radial_velocity = -245.2580037810815
radial_velocity_err = 1.0
