lastmodel = "orbit_smallperi.3"
dJ_R = 0.07
dJ_z = -0.1
dJ_phi = -0.04
dtheta_R = -0.11
dtheta_z = -0.02
dtheta_phi = 0.02
J_R = 7.216132466279416
J_z = 38.434488011069696
J_phi = -9.268193602706333
theta_R = 3.0592079412156132
theta_z = 2.856456706402866
theta_phi = 2.0297740813647027
x_i = -17.33397102355957
y_i = 76.09168243408203
z_i = 19.702964782714844
v_x_i = 16.33898805230856
v_y_i = 39.16945875287056
v_z_i = -116.13430868387222
ra = 227.24200143381887
ra_err = 0
dec = 67.22210065639148
dec_err = 0
pmra = -0.15799998096803758
pmra_err = 0.017
pmdec = 0.050000021950772085
pmdec_err = 0.017
distance = 64.60000075808816
distance_err = 3.6
radial_velocity = -245.75000505449756
radial_velocity_err = 1.0
