pericentre = 29.92198937701754
apocentre = [77.35869298300426, 76.11243639809646, 75.52765864737002, 75.43615947712682, 75.1446954928822, 75.00050739037229, 74.77292857739491, 74.83108023370717]
period = 1.175392009626116
idx_f = 206
idx_peri = 189
t_last_peri = 0.8016651123046881
ra_f = 225.2746867722785
dec_f = 66.14012429626852
distance_f = 62.986704000519154
pmra_f = -0.16175805624874356
pmdec_f = 0.03865878936634279
radial_velocity_f = 0.03865878936634279
theta0 = 56.42418251324527
idx_peris = [14, 40, 65, 90, 115, 139, 164, 189]
idx_apos = [27, 53, 78, 102, 127, 152, 177, 201]
t_peris = [129.912109375, 389.9951171875, 639.9853515625, 889.9755859375, 1139.9658203125, 1380.1220703125, 1630.1123046875, 1880.1025390625]
t_apos = [260.0830078125, 519.9072265625, 769.8974609375, 1010.0537109375, 1260.0439453125, 1510.0341796875, 1760.0244140625, 1999.921875]
