position_err = 1.5561764386263626
ellipticity = 0.12999999523162842
ellipticity_err = 0.2199999988079071
position_angle = 14.0
position_angle_err = 66.0
bins = [0.27564299583065255, 1.8108931893589792, 2.538445106254696, 3.4029581485357894, 4.243914887369633, 4.8388657610355725, 5.429296681771827, 6.091771070828405, 6.8350795608523045, 7.669085403898447, 8.604855350791885, 9.65480650018749, 10.83287106592492, 12.154681249041543, 13.637776667582651, 15.301837096676469, 17.168943607193377, 19.263871568140694, 21.614419400756763, 24.251777446671476, 27.21094184478955, 30.53117890879139, 34.256546167258826, 38.4364769803116, 43.12643649026223, 48.38865761035582, 54.29296681771839, 60.917710708284176, 68.35079560852319, 76.69085403898463, 86.04855350791902, 96.54806500187512, 111.84348697504144]
