f_sat_cen = 0.26978266100759996
PSAT = 0.2
num_per_bin = 19
bin_width = 0.05

[centring_error]
xi_sys = -0.2650004873766558
xi_stat = 0.6817832799722096
eta_stat = 0.7565694664301441
counts = 10
eta_sys = -0.038047459140215345
