position_err = 1.352052745025164
ellipticity = 0.6100000143051147
ellipticity_err = 0.15000000596046448
position_angle = -19.0
position_angle_err = 14.0
bins = [0.3031780591055504, 1.4683339939800555, 2.8544273306564953, 3.579944734697239, 4.536979868507477, 5.483155899557807, 6.242092847800107, 7.003743368698018, 7.858329308874178, 8.817190504538823, 9.893050461188599, 11.10018518679416, 12.454612625752336, 13.974305207276355, 15.679428328612097, 17.592607937607767, 19.73923076529512, 22.147781192386194, 24.85021921969926, 27.882404557951908, 31.284572464335223, 35.10186763993118, 39.384943272467694, 44.19063317334472, 49.58270592778132, 55.632711065197995, 62.4209284780012, 74.82859377150368]
