distance = 86.87775977615675
dec = -33.71860492479252
pmdec_err = 0.002
distance_err = 2.0
pmra = -60.11882028654679
radial_velocity = 15826.881656706217
ra = 15.018122271901232
pmdec = 65.62769838054312
radial_velocity_err = 0.2
pmra_err = 0.002
