distance = 87.1590161711452
dec = -33.71951583778489
pmdec_err = 0.017
distance_err = 2.0
pmra = 0.09039911022464532
radial_velocity = 111.5441935581294
ra = 15.019247946836355
pmdec = -0.10776943206253504
radial_velocity_err = 0.2
pmra_err = 0.017
