distance = 84.52965020130203
dec = -33.717641527731224
pmdec_err = 0.017
distance_err = 2.0
pmra = 0.10710596284785398
radial_velocity = 111.29982188011398
ra = 15.019417600869842
pmdec = -0.20242053601402332
radial_velocity_err = 0.2
pmra_err = 0.017
