distance = 84.78271767668014
dec = -33.71862683192949
pmdec_err = 0.017
distance_err = 2.0
pmra = 0.10309415833731256
radial_velocity = 111.47765330747448
ra = 15.018526738351545
pmdec = -0.18910254255680847
radial_velocity_err = 0.2
pmra_err = 0.017
