distance = 81.55878929776571
dec = -33.718003598784314
pmdec_err = 0.017
distance_err = 2.0
pmra = 0.11273558211861173
radial_velocity = 111.39940038052559
ra = 15.01741811250351
pmdec = -0.19215959475415845
radial_velocity_err = 0.2
pmra_err = 0.017
