distance = 84.15142314297582
dec = -33.71862489275623
pmdec_err = 0.017
distance_err = 2.0
pmra = 0.1330320272374331
radial_velocity = 111.42985014245329
ra = 15.018849651200373
pmdec = -0.19749359049103934
radial_velocity_err = 0.2
pmra_err = 0.017
