distance = 84.0385516594148
dec = -33.719678563791895
pmdec_err = 0.002
distance_err = 2.0
pmra = -46.83732450937942
radial_velocity = 15870.338495982896
ra = 15.017626684543997
pmdec = 65.54039088408837
radial_velocity_err = 0.2
pmra_err = 0.002
