distance = 82.74925543868345
dec = -33.71767318249974
pmdec_err = 0.002
distance_err = 2.0
pmra = -59.381434576045464
radial_velocity = 15859.176828890058
ra = 15.018671780117023
pmdec = 64.61564090681162
radial_velocity_err = 0.2
pmra_err = 0.002
