distance = 82.74712924700403
dec = -33.71981611824353
pmdec_err = 0.017
distance_err = 2.0
pmra = 0.06760737878376713
radial_velocity = 111.55301904829749
ra = 15.015720398353363
pmdec = -0.13665031576937955
radial_velocity_err = 0.2
pmra_err = 0.017
