distance = 77.51436180328739
dec = -33.71927853989765
pmdec_err = 0.017
distance_err = 2.0
pmra = 0.11591669366699242
radial_velocity = 111.14159668809711
ra = 15.018424284013584
pmdec = -0.171503807184835
radial_velocity_err = 0.2
pmra_err = 0.017
