distance = 85.21095014323743
dec = -33.71879148971193
pmdec_err = 0.017
distance_err = 2.0
pmra = 0.06645486366765845
radial_velocity = 111.35683075484351
ra = 15.018058970634511
pmdec = -0.1479573535362447
radial_velocity_err = 0.2
pmra_err = 0.017
