pericentre = 10.144114953622855
apocentre = 112.53988502076965
n_peris = 7
time_last_peri = -27.9628724963361
Lx_f = 21.904939198628426
Ly_f = -5.853349081231585
Lz_f = 0.06825173828485731
E_f = -1.395921285776002
period = -315.3590620420127
period_apo = -315.8768930141671
dt = -1059.9999999999998
peri_apo_max_err = 0.3981244044311616
x_i = -25.06023406982422
y_i = -95.19190216064453
z_i = -54.4604606628418
v_x_i = 0.02648201957345009
v_y_i = 0.09786907583475113
v_z_i = -0.18240486085414886
ra = 209.3
dec = 26.8
distance = 47.1
pmra = -1.25
pmdec = -0.93
radial_velocity = 196.9
x = 1.7017489739408365
y = 6.899745208079477
z = 45.565261742882946
v_x = -16.780736791036837
v_y = -59.71937955173533
v_z = 264.06124246969483
orbit_name = "largeperi"
idx_i = 42
t_i = -2077.5378602833416
ra_err = 0.0
dec_err = 0.0
distance_err = 0.43080150822559915
pmra_err = 0.037
pmdec_err = 0.035
radial_velocity_err = 3.8
