pericentre = 29.699946655700895
apocentre = 74.84593627505213
pericentres = [29.970340206399246, 29.64046941904736, 29.806667669171024, 29.98899926995725, 29.720678038149128, 29.672976771400418, 30.080159362078756, 29.699946655700895, 29.639829566098744]
apocentres = [74.82962680774774, 74.74303803605268, 74.8863191653307, 74.90813202802161, 74.8264866069254, 74.90923340145565, 74.89806453680346, 74.84593627505213]
period = 1.1661766666666664
idx_peris = [13, 38, 63, 87, 112, 137, 162, 186, 211]
idx_apos = [26, 50, 75, 100, 124, 149, 174, 199]
t_peris = [120.078125, 370.068359375, 620.05859375, 859.9560546875, 1109.9462890625, 1359.9365234375, 1609.9267578125, 1850.0830078125, 2100.0732421875]
t_apos = [249.990234375, 489.8876953125, 739.8779296875, 990.126953125, 1230.0244140625, 1480.0146484375, 1730.0048828125, 1979.9951171875]
idx_f = 203
idx_peri = 186
t_last_peri = 0.8016651123046863
t_f_gyr = 9.524806494140623
ra_f = 224.72462212101536
dec_f = 66.56638910379442
distance_f = 65.32576204004218
pmra_f = -0.1730472957588167
pmdec_f = 0.035409984017656514
radial_velocity_f = 0.035409984017656514
theta0 = 55.34423834497631
chi2_best = 21.01523863031225
chi2_best_interp = 21.01523863031225
