pericentre = 16.181132309450554
apocentre = 137.62782308869606
pericentres = [17.069432973018863, 16.445328762928746, 17.776591907945562, 16.021518049233926, 18.012867376188314, 16.181132309450554]
apocentres = [139.9597754151637, 138.92611036761681, 138.55152538501355, 138.0140588779776, 137.62782308869606]
period = 1.7288742621527777
idx_peris = [20, 57, 94, 130, 167, 203]
idx_apos = [38, 75, 112, 148, 185]
t_peris = [189.951171875, 560.01953125, 930.087890625, 1290.0634765625, 1659.873046875, 2020.107421875]
t_apos = [370.068359375, 739.8779296875, 1109.9462890625, 1469.921875, 1839.990234375]
