position_err = 3.2661222108414245
ellipticity = 0.3400000035762787
ellipticity_err = 0.10999999940395355
position_angle = 75.0
position_angle_err = 16.0
bins = [0.5953495950598818, 2.886040517355301, 3.633309746766174, 4.5740659691233665, 6.029236235361927, 7.590358710407329, 9.55569546516499, 12.02990784846249, 15.144756691971528, 19.06611905496273, 24.002821782585578, 30.217762296863558, 38.04190884307722, 47.89192575570718, 60.29236235361935, 75.9035871040734, 97.38801270590598]
