pericentre = 39.25829572916753
apocentre = 88.13455780518431
pericentres = [43.472597137612084, 40.44111070023358, 39.87694099313843, 39.906608850831866, 39.67594056524138, 39.25829572916753, 39.36732710761707]
apocentres = [91.28989121330774, 89.64210802143626, 88.85639971724817, 88.6908469591526, 88.13455780518431, 87.89815621414957]
period = 1.4702185413707385
idx_peris = [18, 51, 82, 113, 144, 175, 206]
idx_apos = [35, 67, 98, 129, 160, 190]
t_peris = [170.0244140625, 499.98046875, 810.009765625, 1120.0390625, 1430.068359375, 1740.09765625, 2050.126953125]
t_apos = [340.048828125, 659.912109375, 969.94140625, 1279.970703125, 1590.0, 1889.9365234375]
idx_f = 186
idx_peri = 175
t_last_peri = 0.5185809326171871
t_f_gyr = 8.723141381835937
ra_f = 18.391383154405435
dec_f = -36.840081719264845
distance_f = 82.0765159349434
pmra_f = 0.1543017796006175
pmdec_f = -0.2104741002499646
radial_velocity_f = -0.2104741002499646
theta0 = -41.269946297837656
chi2_best = 116.24175057243963
chi2_best_interp = 116.24175057243963
