lastmodel = "1e5_new_v31_r3.2/L3M11_9Gyr_smallperi.2/"
x_i = 157.1173095703125
y_i = -253.73684692382812
z_i = 141.47695922851562
v_x_i = -6.801504611968995
v_y_i = -3.0310435295104985
v_z_i = -26.510961532592777
t_match = 0.0
method = "backwards"
ra = 15.0183
ra_err = 0
dec = -33.7186
dec_err = 0
pmra = 0.14
pmra_err = 0.017
pmdec = -0.151
pmdec_err = 0.017
distance = 86.0
distance_err = 2
radial_velocity = 111.2
radial_velocity_err = 0.3
