pericentre = 29.87986656526964
apocentre = 74.86408136369536
pericentres = [29.968225795320866, 29.69014546117708, 29.80375989941291, 30.170389553099376, 29.81810278694985, 29.691163188746806, 29.9878754669523, 29.87986656526964, 29.70401973609966]
apocentres = [74.89148178883026, 74.84309908389896, 74.89423963565375, 74.88719205644271, 74.8200188747631, 74.87325239728695, 74.88668331761633, 74.86408136369536]
period = 1.1661766666666664
idx_peris = [13, 38, 63, 88, 112, 137, 162, 186, 211]
idx_apos = [26, 50, 75, 100, 125, 149, 174, 199]
t_peris = [120.078125, 370.068359375, 620.05859375, 870.048828125, 1109.9462890625, 1359.9365234375, 1609.9267578125, 1850.0830078125, 2100.0732421875]
t_apos = [249.990234375, 489.8876953125, 739.8779296875, 990.126953125, 1240.1171875, 1480.0146484375, 1730.0048828125, 1979.9951171875]
idx_f = 203
idx_peri = 186
t_last_peri = 0.8016651123046863
t_f_gyr = 9.524806494140623
ra_f = 223.8128499226926
dec_f = 66.33825675728178
distance_f = 65.69378035099905
pmra_f = -0.17809831046250346
pmdec_f = 0.030184365208611633
radial_velocity_f = 0.030184365208611633
theta0 = 54.38478434445608
chi2_best = 41.3941623683497
chi2_best_interp = 41.3941623683497
