pericentre = 41.36097940010673
apocentre = 90.42391451145696
pericentres = [43.4410999444812, 42.00218574368849, 41.54236231850437, 41.50517332170028, 41.44485367226513, 41.36097940010673]
apocentres = [92.84686569866325, 91.72511740314405, 90.97267289770674, 90.84288338933611, 90.42391451145696, 90.29381674629607]
period = 1.5323151416015623
idx_f = 191
idx_peri = 181
t_last_peri = 0.47221369628906373
t_f_gyr = 8.958638134765625
ra_f = 17.18888644479272
dec_f = -35.86260497721443
distance_f = 81.12640747326732
pmra_f = 0.14433664581244185
pmdec_f = -0.20232338828402124
radial_velocity_f = -0.20232338828402124
theta0 = -40.40268873402507
idx_peris = [18, 52, 84, 117, 149, 181]
idx_apos = [35, 68, 100, 133, 165, 197]
t_peris = [170.0244140625, 510.0732421875, 829.9365234375, 1159.892578125, 1480.0146484375, 1799.8779296875]
t_apos = [340.048828125, 670.0048828125, 990.126953125, 1320.0830078125, 1639.9462890625, 1960.068359375]
chi2_best = 40.101356599273934
chi2_best_interp = 40.101356599273934
