pericentre = 4.080496296334244
apocentre = [94.42690334532557, 93.50002737900644, 93.84807184907154, 94.03406429506924, 94.17490753568639, 94.21608654201938]
period = 1.1855021589006698
idx_f = 169
idx_peri = 166
t_last_peri = 0.1415420898437496
t_f_gyr = 0.03734976061083983
ra_f = 215.1105821162017
dec_f = 30.808894691562713
distance_f = 49.012135370961026
pmra_f = -1.0614443335378694
pmdec_f = -0.7478428305784417
radial_velocity_f = -0.7478428305784417
theta0 = -94.72737915519568
idx_peris = [15, 40, 65, 90, 115, 141, 166, 191]
idx_apos = [28, 53, 78, 103, 128, 153, 179, 204]
t_peris = [140.0048828125, 389.9951171875, 639.9853515625, 889.9755859375, 1139.9658203125, 1400.048828125, 1650.0390625, 1900.029296875]
t_apos = [269.9169921875, 519.9072265625, 769.8974609375, 1019.8876953125, 1269.8779296875, 1520.126953125, 1779.951171875, 2029.94140625]
