log_M_exp2d = 3.272013682964684
log_M_exp2d_em = 0.015345667329975221
log_M_exp2d_ep = 0.016130903070800784
log_R_s_exp2d = 1.1380441523267268
log_R_s_exp2d_em = 0.010192037028740053
log_R_s_exp2d_ep = 0.01040918724603368
"log_σ_exp2d" = -1.3090452134777097
"log_σ_exp2d_em" = 0.19111347284666702
"log_σ_exp2d_ep" = 0.13849033026144797
chi2_exp2d = 1.602937845719555
lp_exp2d = 22.123203122822254
num_params_exp2d = 2
log_M_exp2d_inner = 3.225940477830386
log_M_exp2d_inner_em = 0.017465910651993433
log_M_exp2d_inner_ep = 0.0184537909900766
log_R_s_exp2d_inner = 1.080389498523585
log_R_s_exp2d_inner_em = 0.019234410462863005
log_R_s_exp2d_inner_ep = 0.020083565268983916
"log_σ_exp2d_inner" = -2.154290762499448
"log_σ_exp2d_inner_em" = 0.6167199393578429
"log_σ_exp2d_inner_ep" = 0.4341399646508335
chi2_exp2d_inner = 0.3229690008632436
lp_exp2d_inner = 23.5934855689546
num_params_exp2d_inner = 2
