log_Sigma = -1.684468217667623
log_Sigma_err = 0.008279966848316904
log_R_bg = [1.972393454677833, 2.042393454677833, 2.112393454677833, 2.182393454677833, 2.252393454677833, 2.322393454677833]
n_points_bg = 6
n_points_skip = 1
