n_sersic = 1.1543637954804655
n_sersic_em = 0.05690908426544561
n_sersic_ep = 0.06100458105033724
log_M_s_sersic = -0.5507820185558119
log_M_s_sersic_em = 0.02280951409916565
log_M_s_sersic_ep = 0.022562073956200357
log_R_h_sersic = 1.3569942313812238
log_R_h_sersic_em = 0.009708120314251056
log_R_h_sersic_ep = 0.009745422271923099
log_Sigma_bg_sersic = -6.138857677855627
log_Sigma_bg_sersic_em = 3.130123913218256
log_Sigma_bg_sersic_ep = 2.202887309195753
"log_σ_sersic" = -1.6864594059415665
"log_σ_sersic_em" = 0.6752178657932284
"log_σ_sersic_ep" = 0.30716233828387307
chi2_sersic = 1.3969751267176322
lp_sersic = 25.070088114378102
num_params_sersic = 4
log_M_exp2d = 3.2705500131300793
log_M_exp2d_em = 0.013530052587441332
log_M_exp2d_ep = 0.0135509635909834
log_R_s_exp2d = 1.1410262345229123
log_R_s_exp2d_em = 0.009284447761955583
log_R_s_exp2d_ep = 0.00943103105511156
"log_σ_exp2d" = -1.3955933235738538
"log_σ_exp2d_em" = 0.3451262437889553
"log_σ_exp2d_ep" = 0.16534763456971358
chi2_exp2d = 1.6968923920885712
lp_exp2d = 27.95036355397724
num_params_exp2d = 2
log_M_exp2d_inner = 3.2213281650519745
log_M_exp2d_inner_em = 0.015678030097348916
log_M_exp2d_inner_ep = 0.015891895438292725
log_R_s_exp2d_inner = 1.0767186450456565
log_R_s_exp2d_inner_em = 0.016819127425738545
log_R_s_exp2d_inner_ep = 0.01719611736215043
"log_σ_exp2d_inner" = -2.1592943739967874
"log_σ_exp2d_inner_em" = 0.6087642977828436
"log_σ_exp2d_inner_ep" = 0.4238296938384343
chi2_exp2d_inner = 0.3773379830132959
lp_exp2d_inner = 28.95980817475256
num_params_exp2d_inner = 2
log_M_plummer = 3.2882268018882135
log_M_plummer_em = 0.01680025383397199
log_M_plummer_ep = 0.01638004847045682
log_R_s_plummer = 1.3533335832695288
log_R_s_plummer_em = 0.014623536926342773
log_R_s_plummer_ep = 0.013972848855847042
"log_σ_plummer" = -1.205965720306418
"log_σ_plummer_em" = 0.13972045810761147
"log_σ_plummer_ep" = 0.1133849669045901
chi2_plummer = 2.330472313556458
lp_plummer = 23.162686810661533
num_params_plummer = 2
log_M_king = 3.265259718136222
log_M_king_em = 0.011235071125344387
log_M_king_ep = 0.011524983473612416
log_R_s_king = 1.1215968709396829
log_R_s_king_em = 0.024166399446976072
log_R_s_king_ep = 0.023345896454893378
c_king = 9.480389895622736
c_king_em = 0.7393343506573675
c_king_ep = 0.8455704762048271
"log_σ_king" = -1.953823664100578
"log_σ_king_em" = 0.6458246807496404
"log_σ_king_ep" = 0.4008531329085874
chi2_king = 0.9955593909161268
lp_king = 34.699517986040284
num_params_king = 3
