theta0 = -40.55373704419453
idx_peris = [21, 58, 94, 130, 165, 200]
t_last_peri = 0.47221369628906285
apocentre = [97.35401945632475, 95.93483817590776, 95.06505937938994, 94.68153822014072]
period = 1.692268549262153
pericentre = 49.37380635224822
idx_peri = 165
idx_f = 175
idx_apos = [39, 76, 112, 147, 183]
t_peris = [200.0439453125, 570.1123046875, 930.087890625, 1290.0634765625, 1639.9462890625, 1990.087890625]
dec0 = -35.562967960477565
distance_f = 81.37957220526921
ra0 = 16.742512660634933
t_apos = [379.90234375, 749.970703125, 1109.9462890625, 1460.087890625, 1820.0634765625]
