break_radius_arcmin = 286.1702610676393
break_radius_kpc = 5.916605611464285
