break_radius_arcmin = 297.8739384907977
break_radius_kpc = 6.0377114193411305
