pericentre = 38.819969801451556
apocentre = 187.49568295179978
time_last_peri = -70.63214460185637
Lx_i = 60.49217343867765
Ly_i = -5.187210368060196
Lz_i = -4.123547768484167
E_i = -0.931736689149353
period = nan
dt = -212.00000000000003
peri_apo_max_err = 0.0015302836166242173
pericentre_lmc = 20.08697677180824
apocentre_lmc = 190.0820173812191
time_last_peri_lmc = -21.541768441621883
period_lmc = nan
ra = 15.0183
dec = -33.7186
distance = 73.1
pmra = 0.137
pmdec = -0.156
radial_velocity = 111.2
x = -5.658462292527257
y = -8.303173291926276
z = -72.56431160337577
v_x = 7.430646376352201
v_y = 162.04433219343088
v_z = -94.83631427388043
orbit_name = "smallperilmc"
x_i = 4.304123401641846
y_i = 138.892578125
z_i = 125.87675476074219
v_x_i = 0.03320035962037663
v_y_i = -0.2740074422573285
v_z_i = 0.2511463698678674
idx_i = 1
t_i = -424.0
ra_err = 0.0012
dec_err = 0.0007
distance_err = 2
pmra_err = 0.017
pmdec_err = 0.017
radial_velocity_err = 0.3
