r_h = 8.423455296398096
r_h_err = 1.3852502706595007e7
chi2_sersic = -0.0
M_sersic = 68.6648746807
M_sersic_err = 1.6671784894470564e8
n_sersic = 0.39991303079131085
n_sersic_err = 1.4829104003789306e6
r_s_exp = 3.2286530829993496
r_s_exp_err = 0.24298416264512337
chi2_exp = +inf
M_exp = 16.698006580461136
M_exp_err = 6.955391214852948
