position_err = 8.310205859873133
ellipticity = 0.38999998569488525
ellipticity_err = 0.20000000298023224
position_angle = 107.0
position_angle_err = 18.0
bins = [0.06383171966300115, 6.543453009414346, 9.680751460458737, 13.674424898059527, 19.315638569633258, 27.284064677970324, 38.53976572754861, 54.43886605112769, 93.69034432633948]
