# combination of isolation and run scalings
v_scale = 0.6014156555861075
M_scale = 1.1707791977111792
r_scale = 3.236872098546572
