pericentre = 18.8731414897057
apocentre = 267.8445620084184
time_last_peri = -80.20224719101124
Lx_i = 67.72896490922832
Ly_i = -10.165311764968827
Lz_i = -3.197870655781437
E_i = -0.7974358788420428
period = -1209.561797752809
dt = -954.4999999999998
peri_apo_max_err = 0.08813351302679351
pericentre_lmc = 28.71673475341792
apocentre_lmc = 630.7825875809743
time_last_peri_lmc = -23.314606741573034
period_lmc = -657.938202247191
ra = 15.0183
dec = -33.7186
distance = 83.2
pmra = 0.099
pmdec = -0.16
radial_velocity = 111.2
x = -5.318086617516177
y = -9.450396961535793
z = -82.59317107251523
v_x = 19.466213307260382
v_y = 159.30575522413136
v_z = -94.11455976522963
orbit_name = "mean"
x_i = 134.7294921875
y_i = -172.77842712402344
z_i = 144.96875
v_x_i = -0.005458468641356539
v_y_i = -0.1201737237413456
v_z_i = -0.13808747036822622
idx_i = 155
t_i = -1765.38202247191
ra_err = 0.0012
dec_err = 0.0007
distance_err = 2
pmra_err = 0.017
pmdec_err = 0.017
radial_velocity_err = 0.3
