position_err = 1.346334221189737
ellipticity = 0.20999999344348907
ellipticity_err = 0.15000000596046448
position_angle = 97.0
position_angle_err = 14.0
bins = [0.2900310748071876, 2.4600619261861536, 3.593332929406521, 4.42526616604587, 5.239009571583648, 5.989914036312358, 6.766967336091391, 7.592662230753139, 8.519107140186536, 9.558595425464917, 10.724920464577966, 12.033558682177267, 13.50187491232851, 15.149352819309295, 16.997853433996507, 19.071905236464087, 21.399029634010958, 24.010106153514887, 26.939782193992837, 30.226932776535406, 33.91517639221762, 38.05345379297445, 42.69667740564439, 47.90645998651068, 53.75193218514359, 60.31065986611877, 67.66967336091405, 75.92662230753155, 85.19107140186553, 106.50557009137873]
