ra = 143.8079
ra_err = 0.0
ra_ref = "Ji2021ApJ...921...32J"
dec = -36.6991
dec_err = 0.0
dec_ref = "Ji2021ApJ...921...32J"
distance = 124.16523075924093
distance_err = 5.254353385757696
distance_ref = "Vivas2022ApJ...926...78V"
pmra = -0.09
pmra_err = 0.01
pmra_ref = "MV"
pmdec = 0.12
pmdec_err = 0.01
pmdec_ref = "MV"
radial_velocity = 288.8
radial_velocity_err = 0.4
radial_velocity_ref = "Ji2021ApJ...921...32J"
sigma_v = 5.98
sigma_v_err = 0.37
sigma_v_ref = "Ji2021ApJ...921...32J"
PA = 156.0
PA_err = 2.4
PA_ref = "Ji2021ApJ...921...32J"
ellipticity = 0.6 # MV is significantly different
ellipticity_err = 0.04
ellipticity_ref = "Ji2021ApJ...921...32J"
Mv = -9.729999999999999
Mv_err = 0.08
pmra_gsr = -0.039892640765825854
pmdec_gsr = 0.17979460040258086
radial_velocity_gsr = 49.29374165243243
theta_pm_gsr = -39.64


r_h = 76.2
r_h_err = 7.2
r_h_ref = "MV2020"
