position_err = 0.9446238368985029
ellipticity = 0.36
ellipticity_err = 0.01
position_angle = 92.0
position_angle_err = 1.0
bins = [0.10146116376216911, 0.9710283463182113, 1.3636291983967583, 1.6704324016043588, 1.9546993955835754, 2.193277162603723, 2.460897451840425, 2.7611723551096343, 3.098086337941424, 3.4761100441910675, 3.9002596187667917, 4.376163268825081, 4.910135946660146, 5.509263145284125, 6.181494918614469, 6.935751373859248, 7.782041035920273, 8.731593654437717, 9.79700921574504, 10.992425137032338, 12.333703861283075, 13.838643342254995, 15.527213212513109, 17.421819768320983, 19.5476032875789, 21.932771626037262, 24.608974518404292, 27.611723551096393, 30.9808633794143, 34.761100441910735, 39.00259618766799, 43.76163268825089, 49.101359466601544, 55.09263145284135, 61.814949186144794, 69.3575137385926, 77.82041035920287, 87.31593654437732, 97.97009215745057, 109.92425137032356, 123.33703861283087, 138.38643342255003, 155.2721321251311, 191.39835813502572]
