position_err = 0.4030622094615347
ellipticity = 0.36
ellipticity_err = 0.01
position_angle = 92.0
position_angle_err = 1.0
bins = [0.10146116376216911, 0.9810585291120201, 1.3746776505884577, 1.6904589177605782, 1.9836905250891823, 2.2302250024519266, 2.502353609996703, 2.807686929605439, 3.1502765489197206, 3.5346684240426285, 3.9659632016142674, 4.449883901293707, 4.992851856752757, 5.602071922872416, 6.2856280797897375, 7.052590702402701, 7.913136918734278, 8.878685654238037, 9.96204915400118, 11.177602993452584, 12.54147683351467, 14.071768451404013, 15.788783887139466, 17.715306892355972, 19.876901256846168, 22.302250024519296, 25.023536099967068, 28.076869296054436, 31.502765489197255, 35.34668424042635, 39.659632016142744, 44.49883901293715, 49.928518567527654, 56.02071922872427, 62.85628079789749, 70.52590702402713, 79.13136918734291, 88.78685654238052, 99.62049154001197, 111.77602993452601, 125.41476833514682, 140.7176845140402, 157.88783887139468, 191.39835813502572]
