position_err = 0.39701788587131664
ellipticity = 0.37
ellipticity_err = 0.01
position_angle = 94.0
position_angle_err = 1.0
bins = [0.10283564975943613, 0.5578446064391269, 0.7490839161101721, 0.8978981750183106, 1.0148047668530202, 1.1386296759226902, 1.279429769470091, 1.435543812328749, 1.6107066493918507, 1.8072425850845388, 2.0277595318652386, 2.275183615639508, 2.552798003672993, 2.8642864702263098, 3.213782278001351, 3.605923024026119, 4.045912177749648, 4.539588127920152, 5.093501654456513, 5.715002853317791, 6.412338667810939, 7.194762320517942, 8.07265609793755, 9.05766911711921, 10.162871902368726, 11.402929823164614, 12.794297694700923, 14.355438123287506, 16.107066493918527, 18.072425850845413, 20.27759531865242, 22.751836156395118, 25.52798003672998, 28.642864702263154, 32.13782278001357, 36.059230240261265, 40.45912177749656, 45.39588127920161, 50.93501654456523, 57.15002853317802, 64.12338667810953, 71.94762320517957, 80.72656097937566, 94.43453107930594]
