log_M_exp2d = 3.858703361098817
log_M_exp2d_em = 0.021332915212606718
log_M_exp2d_ep = 0.02177710943901978
log_R_s_exp2d = 0.8411033403760716
log_R_s_exp2d_em = 0.00993401018999307
log_R_s_exp2d_ep = 0.010732446521416139
"log_σ_exp2d" = -0.9368365682481992
"log_σ_exp2d_em" = 0.0629353776496151
"log_σ_exp2d_ep" = 0.06512444366828607
chi2_exp2d = 10.812249856388862
lp_exp2d = 19.4362100901728
num_params_exp2d = 2
log_M_exp2d_inner = 3.8052951488140083
log_M_exp2d_inner_em = 0.010712802998717574
log_M_exp2d_inner_ep = 0.011528049596347678
log_R_s_exp2d_inner = 0.744415244211865
log_R_s_exp2d_inner_em = 0.011809221078175614
log_R_s_exp2d_inner_ep = 0.012887696975535268
"log_σ_exp2d_inner" = -1.9738364667517294
"log_σ_exp2d_inner_em" = 0.6213685780713736
"log_σ_exp2d_inner_ep" = 0.355459272923748
chi2_exp2d_inner = 1.1145030245902483
lp_exp2d_inner = 34.83204582008591
num_params_exp2d_inner = 2
