log_M_exp2d = 3.8583876193112214
log_M_exp2d_em = 0.02069164769320153
log_M_exp2d_ep = 0.021662999983210085
log_R_s_exp2d = 0.841140277879991
log_R_s_exp2d_em = 0.010022291323086963
log_R_s_exp2d_ep = 0.010609512857438164
"log_σ_exp2d" = -0.9385472888119417
"log_σ_exp2d_em" = 0.061796430056119345
"log_σ_exp2d_ep" = 0.06570749716921975
chi2_exp2d = 10.755894688834783
lp_exp2d = 19.49011561050355
num_params_exp2d = 2
log_M_exp2d_inner = 3.8048317291170486
log_M_exp2d_inner_em = 0.010885753690781819
log_M_exp2d_inner_ep = 0.011487415191866468
log_R_s_exp2d_inner = 0.7437973149622794
log_R_s_exp2d_inner_em = 0.011769373540710504
log_R_s_exp2d_inner_ep = 0.012924590453712526
"log_σ_exp2d_inner" = -2.003219969611812
"log_σ_exp2d_inner_em" = 0.6287295460141746
"log_σ_exp2d_inner_ep" = 0.37568233202961165
chi2_exp2d_inner = 1.1080177374164315
lp_exp2d_inner = 34.863273391255866
num_params_exp2d_inner = 2
