n_sersic = 1.212842992577142
n_sersic_em = 0.06898737620262385
n_sersic_ep = 0.09130739273788913
log_M_s_sersic = 0.6773124562381511
log_M_s_sersic_em = 0.03964886923511746
log_M_s_sersic_ep = 0.0325442014373446
log_R_h_sersic = 1.0150328340080756
log_R_h_sersic_em = 0.012456068871750547
log_R_h_sersic_ep = 0.01376226884126841
log_Sigma_bg_sersic = -2.9242287387583676
log_Sigma_bg_sersic_em = 3.3023114677589724
log_Sigma_bg_sersic_ep = 0.33372656592733696
"log_σ_sersic" = -1.177884091131307
"log_σ_sersic_em" = 0.06897520209423647
"log_σ_sersic_ep" = 0.08164064416086814
chi2_sersic = 4.305614327454809
lp_sersic = 30.71128984049567
num_params_sersic = 4
log_M_exp2d = 3.8586894988929936
log_M_exp2d_em = 0.021227149753932473
log_M_exp2d_ep = 0.02227423101420234
log_R_s_exp2d = 0.8413127178099793
log_R_s_exp2d_em = 0.01018377167243445
log_R_s_exp2d_ep = 0.010698920539447432
"log_σ_exp2d" = -0.9369720332988245
"log_σ_exp2d_em" = 0.0626618248056724
"log_σ_exp2d_ep" = 0.06565379203220956
chi2_exp2d = 10.783942423970275
lp_exp2d = 19.48878220789985
num_params_exp2d = 2
log_M_exp2d_inner = 3.8046861213639636
log_M_exp2d_inner_em = 0.010799184334299827
log_M_exp2d_inner_ep = 0.011568427992426855
log_R_s_exp2d_inner = 0.7438529266615949
log_R_s_exp2d_inner_em = 0.01174670878412587
log_R_s_exp2d_inner_ep = 0.01309154904041121
"log_σ_exp2d_inner" = -1.9965417089477366
"log_σ_exp2d_inner_em" = 0.6311931531248471
"log_σ_exp2d_inner_ep" = 0.37934038042324913
chi2_exp2d_inner = 1.1083331837779555
lp_exp2d_inner = 34.86638201877855
num_params_exp2d_inner = 2
log_M_plummer = 3.8387348323572414
log_M_plummer_em = 0.006707449928929243
log_M_plummer_ep = 0.006642781384427643
log_R_s_plummer = 0.9981754447547442
log_R_s_plummer_em = 0.005906461062192059
log_R_s_plummer_ep = 0.0058063854309580165
"log_σ_plummer" = -2.1031496912645444
"log_σ_plummer_em" = 0.6332555934011284
"log_σ_plummer_ep" = 0.3655751234853921
chi2_plummer = 1.1172515458709276
lp_plummer = 53.67929840729369
num_params_plummer = 2
log_M_king = 3.8143153407779136
log_M_king_em = 0.013431745589940203
log_M_king_ep = 0.013047136238184986
log_R_s_king = 0.7134906410599609
log_R_s_king_em = 0.020240581996748053
log_R_s_king_ep = 0.020888689639548375
c_king = 13.685278756240294
c_king_em = 0.8112577742779212
c_king_ep = 0.8607451385995759
"log_σ_king" = -1.2147172375084954
"log_σ_king_em" = 0.07927676757206559
"log_σ_king_ep" = 0.07867522943493666
chi2_king = 3.879849371805837
lp_king = 36.79135282151678
num_params_king = 3
