pericentre = 4.357665643014652
apocentre = 141.2409806986387
pericentres = [5.004064545353886, 7.520517948340161, 4.80386347844926, 9.10190864602838, 7.815972766835469, 4.357665643014652]
apocentres = [143.24135829954048, 141.5032253339493, 141.04688111771517, 140.70936495424658, 141.2409806986387]
period = 357.7615017361111
idx_peris = [20, 56, 92, 128, 163, 199]
idx_apos = [38, 74, 110, 145, 181]
t_peris = [189.951171875, 549.9267578125, 909.90234375, 1269.8779296875, 1620.01953125, 1979.9951171875]
t_apos = [370.068359375, 730.0439453125, 1090.01953125, 1439.90234375, 1799.8779296875]
