bf_gradient = 1.0794317226992256
bf_rell = 0.23925691125165358
Nmemb = 682
Nqual = 829

[vz]
parameters = ["μ", "σ"]
mean = [-74.1480640109671, 9.119429307914025]
std = [0.37060050063536787, 0.2721747311466278]
mcse = [0.0009139284428970371, 0.000669201372411825]
ess_bulk = [164432.10388272474, 166290.66172493235]
ess_tail = [120691.69255299491, 118735.82186442745]
rhat = [1.0000688039144543, 1.0000686475649514]
ess_per_sec = [694.8383416835331, 702.6920224338779]
median = [-74.14795463877158, 9.11326318714099]
error_lower = [0.3697356449917635, 0.26509002792689706]
error_upper = [0.3693781735992019, 0.2779821515550651]
error_lower_2 = [0.7244140593591624, 0.5081518620114505]
error_upper_2 = [0.7246752797715033, 0.5540966544937831]
