bf_gradient = 0.47638674353354993
bf_rell = 0.34113077898026917
Nmemb = 678
median_err = 2.5

[vz]
parameters = ["μ", "σ"]
mean = [-73.10466948974448, 8.979390234625678]
std = [0.3671031807519237, 0.2715719661911083]
mcse = [0.0009225526699399237, 0.0006741270428068268]
ess_bulk = [158399.78722170353, 163178.81109442827]
ess_tail = [115121.47670664696, 117972.14022790606]
rhat = [1.0001212114287872, 1.000159312622929]
ess_per_sec = [686.8402583533309, 707.5626724991578]
median = [-73.10642670583637, 8.974390348711184]
error_lower = [0.3619473047612587, 0.2651090069400599]
error_upper = [0.36646516962628084, 0.27430343073132946]
error_lower_2 = [0.7154576021173966, 0.5129182478865069]
error_upper_2 = [0.7244877193389954, 0.5531658467735188]
