bf_gradient = 0.4984785939797697
bf_rell = 1.0094437583290343
Nmemb = 67
median_err = 0.5934175252914429
R_grad_median = 5.595864460988084
R_grad_el = -2.821655520241998
R_grad_ep = 3.6080438088581257
theta_grad_median = -203.7938017306295
theta_grad_el = 43.47488617753302
theta_grad_ep = 52.926860972869434

[summary]
parameters = ["μ", "σ", "dlσ_dlR", "A", "B"]
mean = [-74.38998491851473, 10.057690484074104, 0.0446643019128076, 0.031249522335737506, -0.06450866008804758]
std = [1.290951736282883, 0.9249744191895998, 0.0983228319443505, 0.055726604948467456, 0.06714433351598414]
mcse = [0.0032555885648781727, 0.002402919980657072, 0.00024000322228033633, 0.00015006699710946403, 0.00016667864025947014]
ess_bulk = [157426.72205169682, 156739.14820080707, 167840.88879936683, 137961.89956615976, 162439.14325324263]
ess_tail = [131093.85481508952, 109848.68634960898, 123644.97924239215, 126361.96562714422, 131314.84587326713]
rhat = [1.0001030661757049, 1.0000586700943135, 1.000052038196803, 1.0000521871036667, 0.999996883983482]
ess_per_sec = [2247.476259196768, 2237.660226148632, 2396.152368434555, 1969.5899775313328, 2319.0352518808013]
median = [-74.3962226961969, 9.989449364179412, 0.044680933724066015, 0.03109484103272229, -0.06478489257696728]
error_lower = [1.2689165487241212, 0.8399247668198075, 0.0981095228372765, 0.05500386312904254, 0.06623824359462217]
error_upper = [1.2791092460445554, 0.9766828753708481, 0.09779728590197828, 0.05529143030398691, 0.06677921270112037]
error_lower_2 = [2.5142343984112614, 1.5454022854273486, 0.19199389352085533, 0.10931936262814558, 0.13056682794928892]
error_upper_2 = [2.5572459666225598, 2.0627787097038635, 0.19299708438364235, 0.11015992162525749, 0.13301375212038896]
