bf_gradient = -0.5789114547357257
bf_rell = -0.020314287221391378
Nmemb = 34
median_err = 0.6683598756790161
R_grad_median = 8.83251732441995
R_grad_el = -4.190135993389041
R_grad_ep = 4.7293702483082
theta_grad_median = -206.88727384137115
theta_grad_el = 35.73181594041847
theta_grad_ep = 39.739349992950594

[summary]
parameters = ["μ", "σ", "dlσ_dlR", "A", "B"]
mean = [-73.59806428114983, 9.928997135116026, 0.17328298011993126, 0.057215237231154494, -0.10871817188161449]
std = [1.7518717458867819, 1.388456682668491, 0.14251911555710856, 0.07869169750621836, 0.08439874107663327]
mcse = [0.004364484590953814, 0.0040379359763724355, 0.00037716108898626426, 0.000198654901562813, 0.00021617048651017013]
ess_bulk = [161786.31563680878, 131516.89932479625, 143239.45240851594, 156954.4556773441, 152860.14672320033]
ess_tail = [123545.52937990322, 97940.12464792344, 119159.34530988624, 127778.1006738811, 123528.46514681853]
rhat = [1.0000449026089766, 1.0000765910867946, 1.0000336809671424, 1.000081184760299, 1.0000387751381128]
ess_per_sec = [3992.653578065911, 3245.6479189752536, 3534.9436689251484, 3873.4102237690113, 3772.368567488471]
median = [-73.6039390102653, 9.77975825197078, 0.17504693906269725, 0.057737476758944424, -0.10999205440010129]
error_lower = [1.7072049148159323, 1.1901515193523657, 0.14277452585454636, 0.07860220402555868, 0.08234737991795435]
error_upper = [1.715941927233274, 1.4795400699433703, 0.13967157257621332, 0.07772034469696135, 0.0850593112333101]
error_lower_2 = [3.4132328435308636, 2.1430758983674494, 0.2863220207204336, 0.1553400180354872, 0.16137853670281754]
error_upper_2 = [3.47014655581134, 3.285558906037304, 0.27252387937487477, 0.1522096983415513, 0.17013324413173722]
