bf_gradient = 0.49401155655950735
bf_rell = 1.0184530241041605
Nmemb = 67
median_err = 0.5934175252914429

[summary]
parameters = ["μ", "σ", "dlσ_dlR", "A", "B"]
mean = [-74.38428290175479, 10.06310686522302, 0.044270748472529015, 0.030976681785340826, -0.06405761313270888]
std = [1.299042724477414, 0.9246226866609497, 0.09807985942476156, 0.05554065541443779, 0.0671790989094809]
mcse = [0.0032461160070321846, 0.002459506178715378, 0.00023974532499741242, 0.00014615988660444514, 0.00016958783938560558]
ess_bulk = [160262.30349147762, 150445.62658637436, 167410.76602474286, 144498.89164804804, 157038.74431162438]
ess_tail = [131552.65462917922, 104417.9025207087, 121258.6770160808, 126641.4895572858, 127629.82034839535]
rhat = [1.0000843314478114, 1.0001004066423074, 1.0000782631719851, 1.0000497769544623, 1.0000635154824031]
ess_per_sec = [2332.682757543013, 2189.7970479655087, 2436.731525912156, 2103.239911620279, 2285.7625476562066]
median = [-74.38731724483436, 9.995801465669397, 0.04419787532639453, 0.030896985931956764, -0.06406904766216451]
error_lower = [1.2845807906386284, 0.8385597193096874, 0.09706026608056295, 0.05477475768037507, 0.06661386628495417]
error_upper = [1.2903500365639076, 0.9707401675577625, 0.09736372861651324, 0.05475328194688453, 0.06640632833727124]
error_lower_2 = [2.536321788454174, 1.5427353593754862, 0.1927161215057467, 0.10898375768140081, 0.13119403212507455]
error_upper_2 = [2.5745823646662984, 2.064981872392078, 0.1922584370996008, 0.10994318570293472, 0.1326774172408694]
