bf_gradient = 0.8448596697670766
bf_rell = 0.7975820688215796
Nmemb = 32
Nqual = 37

[vz]
parameters = ["μ", "σ"]
mean = [-76.78164378777714, 9.174088168386437]
std = [1.6465322373961486, 1.2389462511614717]
mcse = [0.004618047118396491, 0.0037859091974751275]
ess_bulk = [127441.06335804485, 116286.36856321039]
ess_tail = [105482.4398449157, 90621.71048658824]
rhat = [1.0001448189851057, 1.0000691003837348]
ess_per_sec = [1648.058444005339, 1503.806752576174]
median = [-76.78418549177638, 9.041046747816596]
error_lower = [1.6094683185264103, 1.0658725667848516]
error_upper = [1.6175471872179656, 1.3227144557502992]
error_lower_2 = [3.2409609399246904, 1.90700225455645]
error_upper_2 = [3.258473306660875, 2.9297315940057835]
