bf_gradient = 0.9756553854314371
bf_rell = 1.3941975993879603
Nmemb = 863
median_err = 2.0999999046325684

[vz]
parameters = ["μ", "σ"]
mean = [-74.32300851647508, 8.817313548030658]
std = [0.3147901182431178, 0.23407593777930186]
mcse = [0.005267919070751166, 0.0037341650312138494]
ess_bulk = [3573.2654980730213, 3939.359100710668]
ess_tail = [2754.9135204388167, 2695.2031380184862]
rhat = [1.0012818786300217, 1.0042671177094393]
ess_per_sec = [1436.1999590325647, 1583.3436899962492]
median = [-74.3163197442014, 8.811998568401432]
error_lower = [0.3176744838040264, 0.22234721384367795]
error_upper = [0.29653455252237393, 0.23444163735963564]
error_lower_2 = [0.631213734697198, 0.4461936441225962]
error_upper_2 = [0.6141263619802118, 0.4860272307994684]
