bf_gradient = 0.9619686626914922
bf_rell = 1.3040230990843058
Nmemb = 863
median_err = 2.0999999046325684

[vz]
parameters = ["μ", "σ"]
mean = [-74.33020594785165, 8.816584205384748]
std = [0.31308016045074566, 0.2278735230811467]
mcse = [0.0007614115497765495, 0.0005595180335241884]
ess_bulk = [169124.26759195398, 166544.94142034088]
ess_tail = [119682.98543774802, 114543.892825784]
rhat = [1.0000470192801505, 1.0000890334256824]
ess_per_sec = [711.8773759526633, 701.0204837223652]
median = [-74.33112986547283, 8.812090147069586]
error_lower = [0.30951995609174787, 0.2216698208027843]
error_upper = [0.3122719811941437, 0.23077128971964456]
error_lower_2 = [0.6125542756432196, 0.4312626562681725]
error_upper_2 = [0.613048498337335, 0.4630180510004962]
