bf_gradient = 0.6613609113585082
bf_rell = 0.45194999407746556
Nmemb = 678
median_err = 2.5

[summary]
parameters = ["μ", "σ", "dlσ_dlR", "A", "B"]
mean = [-73.01364961577707, 9.108367680187635, 0.07697078902584378, 0.048287688823159536, -0.06510382229546322]
std = [0.36502690474204924, 0.28947040718963274, 0.04541937625749287, 0.034189511433997725, 0.047630381190839274]
mcse = [0.0008570494042011285, 0.0007306416956550296, 0.00011712482512156547, 8.986102689197901e-5, 0.00012627930487697493]
ess_bulk = [181391.42892488092, 157859.557969072, 150395.02025671463, 144750.50915630837, 142259.0348420532]
ess_tail = [132014.43497026135, 130735.94632753728, 133300.10145528906, 132151.786020367, 129247.45567788767]
rhat = [1.0001048297944355, 1.0000354373658435, 1.0000521023202347, 1.0000294701064272, 1.0000487370684492]
ess_per_sec = [905.9967880290939, 788.4620201040497, 751.1788517007703, 722.9861804302858, 710.541999690594]
median = [-73.01273387181277, 9.101472007476165, 0.07719982617740274, 0.04824546419650902, -0.065242780615886]
error_lower = [0.3639230639031865, 0.2815533904833085, 0.04554472805972422, 0.03393415281195456, 0.0472093455695365]
error_upper = [0.3626868073117038, 0.2934977935635672, 0.04484671494796487, 0.03395528643263224, 0.04764264002119508]
error_lower_2 = [0.7175167658191555, 0.5404483827180933, 0.08954556428722761, 0.0672240374545926, 0.09294182024308935]
error_upper_2 = [0.7119253873341194, 0.594173194687361, 0.08842998589391364, 0.06695571520418209, 0.09346581961909765]
