bf_gradient = 1.1667110103546041
bf_rell = 1.3788153317017384
Nmemb = 863
median_err = 2.0999999046325684

[summary]
parameters = ["μ", "σ", "dlσ_dlR", "A", "B"]
mean = [-74.29482974107819, 8.853161797839807, 0.04325337225894967, 0.032907923360511605, -0.05529750925137077]
std = [0.3152985042907088, 0.23369883038690387, 0.03484879414229688, 0.02561182824390364, 0.030721571091481492]
mcse = [0.0007510690382848438, 0.0005547967857368854, 8.566215382451013e-5, 6.949117426418714e-5, 8.347337050944968e-5]
ess_bulk = [176271.7097639361, 178202.33928679916, 165522.2757970615, 135840.09583682846, 135452.58629342917]
ess_tail = [128226.57384608255, 131345.59452005118, 131198.9578584815, 129470.71231564578, 128658.05043638562]
rhat = [1.0000933136014285, 1.0000265929407854, 1.0000252546100388, 0.9999828156454679, 1.0000192860956276]
ess_per_sec = [577.0848112434559, 583.4053772337361, 541.892918681369, 444.7183054516862, 443.4496624459135]
median = [-74.29462903014627, 8.848303388466917, 0.043239163112394036, 0.03296235369021738, -0.05536692061023167]
error_lower = [0.31391934121245413, 0.22750946661039784, 0.0346343553224044, 0.02551977895893522, 0.030427947132185884]
error_upper = [0.31187023816272585, 0.23645492655312061, 0.03459640375343305, 0.02543934184679679, 0.030619155561688163]
error_lower_2 = [0.6166556789203241, 0.43829884867079905, 0.0682718488659322, 0.050216040788351624, 0.060273154195189416]
error_upper_2 = [0.6229465516024533, 0.4774739362250422, 0.06849821384322609, 0.04997534310043217, 0.06025092268283852]
