bf_gradient = 2.239064558953806
bf_rell = 1.5485043161904986
Nmemb = 831
Nqual = 1148

[vz]
parameters = ["μ", "σ"]
mean = [-74.43664015979813, 8.75042643159836]
std = [0.31758301132844985, 0.23209939947749836]
mcse = [0.000775954100920139, 0.0005679706887471453]
ess_bulk = [167519.45292744666, 167118.38615669816]
ess_tail = [122536.29946618532, 119024.54710018719]
rhat = [1.0000892867851396, 1.0000270999176828]
ess_per_sec = [575.7790259549832, 574.4005243507278]
median = [-74.43636722628732, 8.745812736153106]
error_lower = [0.3159857746262702, 0.22548670643987379]
error_upper = [0.3137628904430727, 0.23507912239305995]
error_lower_2 = [0.625485105898349, 0.43803554825495006]
error_upper_2 = [0.6239347367502859, 0.47427338331805835]
