bf_gradient = -0.16243664082009399
bf_rell = 1.833212132741845
Nmemb = 406
median_err = 0.9193050265312195
R_grad_median = 5.920582148118572
R_grad_el = -2.551382648309489
R_grad_ep = 2.7238031431219065
theta_grad_median = -214.48100790112233
theta_grad_el = 16.13005125626836
theta_grad_ep = 20.678802981584056

[summary]
parameters = ["μ", "σ", "dlσ_dlR", "A", "B"]
mean = [-75.50635019614049, 8.759686398908123, -0.004352848135840984, 0.05379641064154855, -0.0781220114356799]
std = [0.44528448954613004, 0.3236595397248242, 0.048656165209289615, 0.03860644657152725, 0.03805724574381027]
mcse = [0.0010483378327016003, 0.0007736074381083385, 0.00011913987931211476, 0.00010687651605979029, 0.000103562197067629]
ess_bulk = [180413.14428870816, 176481.33577929978, 166793.21945708722, 130478.1602541696, 135052.76811140223]
ess_tail = [129366.03123344033, 132044.44528005266, 129629.4698202986, 130313.55861120096, 131166.74553360627]
rhat = [1.0000840209350008, 1.0000952342145342, 1.0000549480288192, 1.0000294396768528, 1.0001043854814289]
ess_per_sec = [1903.9558479975956, 1862.4622537575037, 1760.2205584504281, 1376.9764793542388, 1425.2537344090908]
median = [-75.507300382841, 8.749612473035754, -0.004263218053250081, 0.05383054235942315, -0.07805696013060642]
error_lower = [0.44139309519484016, 0.3107977291896624, 0.048421518050564855, 0.03842608440150815, 0.03784590731586418]
error_upper = [0.4441534729369465, 0.33109038412092673, 0.04819629358644879, 0.038160587400572585, 0.03756216980255934]
error_lower_2 = [0.8714964095234023, 0.5951554008334785, 0.09531001862861353, 0.07586308252947142, 0.07492559187929695]
error_upper_2 = [0.8744867716518172, 0.6718725927192768, 0.09546669149057777, 0.07557511742500529, 0.07466432835073605]
