bf_gradient = 0.7355432267184941
bf_rell = 0.45344164801967696
Nmemb = 678
median_err = 2.5
R_grad_median = 5.185297524530243
R_grad_el = -2.581822571465614
R_grad_ep = 2.9157625143297343
theta_grad_median = -215.82848662432627
theta_grad_el = 25.526217921827765
theta_grad_ep = 20.927466082328237

[summary]
parameters = ["μ", "σ", "dlσ_dlR", "A", "B"]
mean = [-73.01053878130557, 9.109732027115967, 0.07710272249438331, 0.04811533629108552, -0.06508083566664631]
std = [0.3674923220471002, 0.2899977326260099, 0.04535389010303063, 0.034211903619371445, 0.04754866250249959]
mcse = [0.0008610826569064236, 0.0006936240740236303, 0.0001134807745933064, 9.075684468852824e-5, 0.0001240361460899877]
ess_bulk = [182165.50964994603, 175804.87678692353, 159767.35665862827, 142095.64163633427, 146979.44772424427]
ess_tail = [128383.75876426652, 131421.10143543914, 130825.41828694424, 133202.50346405248, 132985.47068813568]
rhat = [1.0001056646865325, 1.0000595432198742, 1.0000565582552694, 1.0001210537056235, 0.9999971438745432]
ess_per_sec = [1092.9777562110892, 1054.8144933186347, 958.590719681694, 852.5619139512103, 881.8643402447021]
median = [-73.0109598200167, 9.102897978120199, 0.0773750917002397, 0.04802968859178735, -0.0651756162057199]
error_lower = [0.36372082857364774, 0.281730098350236, 0.04533821796135363, 0.03391884014797021, 0.04707982019873348]
error_upper = [0.36512104526806866, 0.29422090771134357, 0.04467297966362832, 0.03410756429194709, 0.04755162699767819]
error_lower_2 = [0.7242459679031299, 0.5430616800545138, 0.0896622071679527, 0.06704096540776222, 0.09280144990963415]
error_upper_2 = [0.7210099553341109, 0.5952600872532443, 0.08828698289114362, 0.0671631026165525, 0.09397621806100513]
