bf_gradient = 1.0941857293940618
bf_rell = 1.365578506151687
Nmemb = 863
median_err = 2.0999999046325684
R_grad_median = 3.942191765740639
R_grad_el = -1.8928321379549216
R_grad_ep = 2.0471278674004543
theta_grad_median = -210.16379570059522
theta_grad_el = 17.327826642312374
theta_grad_ep = 20.85853745268591

[summary]
parameters = ["μ", "σ", "dlσ_dlR", "A", "B"]
mean = [-74.31086878490422, 8.851009427956265, 0.04311417133685315, 0.03185114075659235, -0.054319832944077925]
std = [0.3149351405177988, 0.23417089952672296, 0.03494555008575849, 0.025524274485945624, 0.03060567094752046]
mcse = [0.0007473409712848789, 0.0005713253261879961, 8.520835562250264e-5, 6.977490163295443e-5, 8.401403175452239e-5]
ess_bulk = [177590.6614201669, 168666.82325826818, 168182.40184988675, 133817.2501820673, 132711.6114900878]
ess_tail = [130307.33119385832, 127912.53832334565, 130070.41459347736, 128562.72307593602, 126109.08974307185]
rhat = [1.0000834555577642, 1.0000822056892518, 1.0001184413943258, 1.0000729689931274, 1.000046565429147]
ess_per_sec = [1428.4273717498102, 1356.6496409300403, 1352.753260379058, 1076.3416355554534, 1067.448574635135]
median = [-74.3110468284688, 8.846151268225812, 0.04311423975180535, 0.03184303819556222, -0.054443012295840545]
error_lower = [0.31251117454569055, 0.22767297543131626, 0.03468756069085614, 0.025250464268555116, 0.030363441199009453]
error_upper = [0.31282972495243655, 0.23838794597962476, 0.034713819774405796, 0.025310188056721805, 0.030544880994991294]
error_lower_2 = [0.6183668437838037, 0.4402965134208543, 0.06841078954561626, 0.05007778444486419, 0.05944450474199729]
error_upper_2 = [0.6171228940837068, 0.47635921922248947, 0.06858464486314672, 0.05026760882875561, 0.06039035741861158]
