bf_gradient = 2.3036612361757207
bf_rell = 1.5349879516227132
Nmemb = 831
Nqual = 1148

[vz]
parameters = ["μ", "σ"]
mean = [-74.43668857206013, 8.750844256101013]
std = [0.317754385087975, 0.23280428342187434]
mcse = [0.000785565473406204, 0.0005776454315053971]
ess_bulk = [163663.104267339, 163087.54573610635]
ess_tail = [118645.27577966185, 117127.54405821618]
rhat = [1.0001131921245923, 1.000165416559121]
ess_per_sec = [578.5172348890212, 576.4827474491301]
median = [-74.43627803844238, 8.746915728660724]
error_lower = [0.31425551985093136, 0.2287032694594746]
error_upper = [0.3146502119387975, 0.23604624618246284]
error_lower_2 = [0.6269818889547025, 0.4391632125529501]
error_upper_2 = [0.6239972650622718, 0.4718859843937757]
