bf_gradient = -0.3144971914115327
bf_rell = 1.734035336769117
Nmemb = 406
Nqual = 596

[vz]
parameters = ["μ", "σ"]
mean = [-74.31741922637794, 8.796575076145992]
std = [0.44092330378884426, 0.3161156221724129]
mcse = [0.0011116811387595431, 0.0008108566669551105]
ess_bulk = [157306.93968722975, 152943.11556710402]
ess_tail = [118971.64083784589, 118013.05595796366]
rhat = [1.0001034231084958, 1.0001171478707669]
ess_per_sec = [854.0981310965406, 830.4047452049583]
median = [-74.31841720994248, 8.787999740948624]
error_lower = [0.43619012060213436, 0.3042717806866424]
error_upper = [0.43933345521288913, 0.32193296685755435]
error_lower_2 = [0.8620534664031538, 0.5866246737256624]
error_upper_2 = [0.8707894527053952, 0.6520537999424167]
