bf_gradient = 0.4977171971945957
bf_rell = 1.0430082523613384
Nmemb = 67
median_err = 0.5934175252914429

[vz]
parameters = ["μ", "σ"]
mean = [-74.1399935575828, 10.076742940843664]
std = [1.2389487694440398, 0.901397928067741]
mcse = [0.003206272156383039, 0.0024632413943075204]
ess_bulk = [149546.02232530792, 140297.67669828242]
ess_tail = [112104.2248134733, 101626.04490042398]
rhat = [1.0001951842516348, 1.0001404800482272]
ess_per_sec = [1521.5084478807985, 1427.4140963116802]
median = [-74.13754845630261, 10.010657434763573]
error_lower = [1.2245576802176288, 0.8131779569536803]
error_upper = [1.2163787553164838, 0.9459783688383983]
error_lower_2 = [2.4320826227995127, 1.5151072501147418]
error_upper_2 = [2.445552468054885, 2.0218828421601884]
