bf_gradient = -0.045454169556401997
bf_rell = 1.7774419217574509
Nmemb = 406
median_err = 0.9193050265312195

[vz]
parameters = ["μ", "σ"]
mean = [-75.42094815678003, 8.796595672977928]
std = [0.4407355048394093, 0.3142098340205912]
mcse = [0.00110199836340412, 0.000793666672237741]
ess_bulk = [160008.56916961426, 158202.3109638756]
ess_tail = [117656.85613357397, 113379.01237950222]
rhat = [1.000125118540049, 1.0000916596110945]
ess_per_sec = [1077.9633590881879, 1065.7947597878924]
median = [-75.42068308029758, 8.786300309252182]
error_lower = [0.4389314064251977, 0.3021881150101269]
error_upper = [0.4373619888797293, 0.3224699879744861]
error_lower_2 = [0.8649046382520282, 0.5775256688550723]
error_upper_2 = [0.8601700613891268, 0.6503831311874837]
