bf_gradient = -0.15022266682539584
bf_rell = 1.8133640492052476
Nmemb = 406
median_err = 0.9193050265312195

[summary]
parameters = ["μ", "σ", "dlσ_dlR", "A", "B"]
mean = [-75.50797960285291, 8.759828763584474, -0.004482035455691133, 0.05390117080102753, -0.07811347300517513]
std = [0.44630538179755486, 0.32484370355802983, 0.049053772060288395, 0.03860967530046068, 0.03804232145013702]
mcse = [0.0010674622976668663, 0.0008148516179315229, 0.00012087971464694238, 0.00010555995312714558, 0.00010397973327118126]
ess_bulk = [174789.5203796107, 160421.79638370752, 164675.49421847405, 133803.86511988516, 133915.42869684673]
ess_tail = [131201.48211770703, 126995.22122209599, 131751.70266729558, 128272.09815231444, 127039.50918792021]
rhat = [1.000070557919176, 1.0000799148628177, 1.000060749254265, 1.0000305713380018, 1.0000248439618518]
ess_per_sec = [1183.2488517439122, 1085.9856240435115, 1114.7813039430953, 905.7938337387297, 906.549070517511]
median = [-75.50942865722698, 8.749267425423579, -0.004405348557584056, 0.05385251774533717, -0.07802468650144909]
error_lower = [0.4419394323990815, 0.3114072510681041, 0.04888226988206005, 0.03831475228923924, 0.03785116984550416]
error_upper = [0.4458525122301751, 0.3335239885690431, 0.048864763222869076, 0.03827901059489905, 0.037561751180887566]
error_lower_2 = [0.8718762822310424, 0.5976653875994185, 0.09653539644055888, 0.07557494008808414, 0.07481806966278964]
error_upper_2 = [0.8750737779635784, 0.6744233204859, 0.09575251422375944, 0.07613669526575173, 0.07452062002883449]
