pericentre = 29.640170540346695
apocentre = 74.87656301090193
time_last_peri = -169.8485588666341
Lx_i = -42.65393552737646
Ly_i = -10.202879136508955
Lz_i = -8.668193627968208
E_i = -1.5956229759440512
period = -246.7834461581408
dt = -1059.9999999999995
peri_apo_max_err = 0.03791186571587701
ra = 227.242
dec = 67.2221
distance = 64.6
pmra = -0.158
pmdec = 0.05
radial_velocity = -245.75
x = -19.85247763220505
y = 44.270457065770735
z = 45.580452115124444
v_x = 18.378028035037385
v_y = 49.57465036802719
v_z = -148.78524606587942
orbit_name = "smallperi"
x_i = -16.480886459350586
y_i = 69.91700744628906
z_i = 21.045862197875977
v_x_i = 0.07867027819156647
v_y_i = 0.19221073389053345
v_z_i = -0.5641014575958252
idx_i = 96
t_i = -2021.6121152906692
