pericentre = 36.99612691918132
apocentre = 82.73198808999408
time_last_peri = -204.02540302882267
Lx_i = -50.23858633178361
Ly_i = -12.591134653020504
Lz_i = -8.950008667073234
E_i = -1.4802656715139633
period = -288.0866308418824
dt = -1059.9999999999995
peri_apo_max_err = 0.026821408165957905
ra = 227.242
dec = 67.2221
distance = 70.1
pmra = -0.124
pmdec = 0.078
radial_velocity = -245.9
x = -20.85120477560219
y = 48.03961362709797
z = 49.45936986486415
v_x = 13.72613118667722
v_y = 57.39878419401367
v_z = -157.7984201657959
orbit_name = "mean"
x_i = 4.880631923675537
y_i = -65.11959838867188
z_i = 50.77674102783203
v_x_i = -0.16530580818653107
v_y_i = 0.3718041479587555
v_z_i = 0.488817423582077
idx_i = 43
t_i = -2076.5021983390325
