pericentre = 29.63796216410559
apocentre = 74.87664825750336
time_last_peri = -169.68823075308592
Lx_i = -42.65393552737646
Ly_i = -10.202879136508955
Lz_i = -8.668193627968208
E_i = -1.5956229759440512
period = -246.8660742759627
dt = -1060.4453870625664
peri_apo_max_err = 0.0017563355601133424
ra = 227.242
dec = 67.2221
distance = 64.6
pmra = -0.158
pmdec = 0.05
radial_velocity = -245.75
x = -19.85247763220505
y = 44.270457065770735
z = 45.580452115124444
v_x = 18.378028035037385
v_y = 49.57465036802719
v_z = -148.78524606587942
orbit_name = "smallperi"
x_i = -16.44814682006836
y_i = 69.99542236328125
z_i = 20.812482833862305
v_x_i = 0.07980682700872421
v_y_i = 0.18738162517547607
v_z_i = -0.5655762553215027
idx_i = 471
t_i = -2021.1989385576946
