pericentre = 36.995279698265776
apocentre = 82.7325463232874
time_last_peri = -203.41376661526175
Lx_i = -50.23858633178361
Ly_i = -12.591134653020504
Lz_i = -8.950008667073234
E_i = -1.4802656715139633
period = -288.2225302770645
dt = -1060.4453870625664
peri_apo_max_err = 0.001134044473189988
ra = 227.242
dec = 67.2221
distance = 70.1
pmra = -0.124
pmdec = 0.078
radial_velocity = -245.9
x = -20.85120477560219
y = 48.03961362709797
z = 49.45936986486415
v_x = 13.72613118667722
v_y = 57.39878419401367
v_z = -157.7984201657959
orbit_name = "mean"
x_i = 4.96019172668457
y_i = -65.29771423339844
z_i = 50.54047393798828
v_x_i = -0.1649925708770752
v_y_i = 0.36765286326408386
v_z_i = 0.4920673072338104
idx_i = 208
t_i = -2076.983944417772
