pericentre = 46.994576825675765
apocentre = 94.37000940265077
time_last_peri = -256.65344901404245
Lx_i = -60.02634109071914
Ly_i = -15.78360437203429
Lz_i = -9.023198980184048
E_i = -1.3443941814629456
period = -350.024397985928
dt = -1060.4453870625664
peri_apo_max_err = 0.0006866160861989101
ra = 227.242
dec = 67.2221
distance = 77.6
pmra = -0.094
pmdec = 0.102
radial_velocity = -245.9
x = -22.213105425689196
y = 53.17937257436237
z = 54.74880315996374
v_x = 7.933709484260684
v_y = 65.2543478235182
v_z = -166.92310397216218
orbit_name = "largeperi"
x_i = -21.258895874023438
y_i = 91.5472183227539
z_i = -8.35205364227295
v_x_i = 0.10679598897695541
v_y_i = -0.03545230254530907
v_z_i = -0.6583807468414307
idx_i = 1364
t_i = -1831.7844509795625
