pericentre = 46.99456465569698
apocentre = 94.36992554737081
time_last_peri = -256.84416218856865
Lx_i = -60.02634109071914
Ly_i = -15.78360437203429
Lz_i = -9.023198980184048
E_i = -1.3443941814629456
period = -350.05373717635564
dt = -1059.9999999999995
peri_apo_max_err = 0.01283747521360823
ra = 227.242
dec = 67.2221
distance = 77.6
pmra = -0.094
pmdec = 0.102
radial_velocity = -245.9
x = -22.213105425689196
y = 53.17937257436237
z = 54.74880315996374
v_x = 7.9337094842606675
v_y = 65.2543478235182
v_z = -166.92310397216218
orbit_name = "largeperi"
x_i = -21.29100227355957
y_i = 91.55750274658203
z_i = -8.153512001037598
v_x_i = 0.10616742819547653
v_y_i = -0.032747458666563034
v_z_i = -0.6586358547210693
idx_i = 279
t_i = -1832.085979482169
ra_err = 0.0045
dec_err = 0.0016
distance_err = 3.6
pmra_err = 0.017
pmdec_err = 0.017
radial_velocity_err = 1
