position_err = 1.584499432839467
ellipticity = 0.4000000059604645
ellipticity_err = 0.10000000149011612
position_angle = 20.0
position_angle_err = 11.0
bins = [0.3316472407721154, 1.6544194741053915, 2.3942208195956973, 3.0744839823982724, 3.6588850064305287, 4.207805451715065, 4.721235368936713, 5.297313211050131, 5.94368318101584, 6.66892221562397, 7.482653796234433, 8.395675646527678, 9.420103011737623, 10.569529420595117, 11.859207063195262, 13.306249178293276, 14.929857135585396, 16.751575226218666, 18.795576542444934, 21.088983739868308, 23.662228938606283, 26.54945753903421, 29.78898131050278, 33.42378676524041, 37.50210556325347, 42.078054517150726, 47.21235368936721, 52.9731321105014, 59.4368318101585, 66.68922215623982, 74.82653796234446, 92.92159103490701]
