pericentre = 3.2361173293171195
apocentre = 22.742780673230367
pericentres = [42.839980148257645, 31.89484178570486, 27.602846429083648, 24.37097432329738, 21.568117014175982, 20.03738960261831, 16.301045080038715, 13.797023085281463, 11.11452555314759, 7.969059553899471, 5.3460494404393595, 4.125427505427396, 3.2361173293171195, 2.629263541026406]
apocentres = [76.61271846087884, 63.34315536709702, 53.06684487118277, 47.054124670935174, 42.6344188019781, 40.7529915350449, 39.0429946661026, 36.72782931515903, 33.46782800121631, 30.687171625162094, 27.358157844265556, 25.131642100866113, 22.742780673230367, 21.036847394100487]
period = 0.6673503042367789
idx_peris = [19, 45, 65, 82, 96, 109, 122, 134, 147, 159, 171, 183, 194, 206]
idx_apos = [31, 55, 73, 89, 103, 116, 128, 140, 153, 165, 177, 188, 200, 212]
t_peris = [180.1171875, 439.94140625, 639.9853515625, 810.009765625, 950.0146484375, 1079.9267578125, 1210.09765625, 1329.9169921875, 1460.087890625, 1579.9072265625, 1699.9853515625, 1820.0634765625, 1930.048828125, 2050.126953125]
t_apos = [299.9365234375, 540.0927734375, 719.951171875, 879.8828125, 1019.8876953125, 1150.05859375, 1269.8779296875, 1389.9560546875, 1520.126953125, 1639.9462890625, 1760.0244140625, 1870.009765625, 1990.087890625, 2109.9072265625]
idx_f = 203
idx_peri = 194
t_last_peri = 0.4246262695312488
t_f_gyr = 9.524806494140623
ra_f = 161.0319037645807
dec_f = -66.83490609757197
distance_f = 18.98845059644167
pmra_f = -0.7491548644870345
pmdec_f = 0.14768550114149026
radial_velocity_f = 0.14768550114149026
theta0 = 167.87080827002188
chi2_best = 92640.28349876958
chi2_best_interp = 92640.28349876958
