position_err = 7.136057446832208
ellipticity = 0.05000000074505806
ellipticity_err = 0.05000000074505806
position_angle = 0.0
position_angle_err = nan
bins = [0.5078693460201535, 7.901051332427895, 11.472850048427146, 13.73059035432567, 15.882107441479404, 17.820017642546432, 19.994388650923668, 22.434073048822096, 25.17144396593671, 28.242824651208792, 31.68897046027068, 35.555609654253495, 39.89405018602948, 44.76186052557376, 50.223633558584346, 56.35184369483103, 63.227808559540165, 70.94276802887572, 79.59909492766188, 89.31165345457046, 100.20932336024971, 112.43671010331298, 126.15606367691713, 141.54943156759458, 158.82107441479394, 178.20017642546415, 199.9438865092364, 234.13611169209528]
