position_err = 7.136057446832208
ellipticity = 0.05000000074505806
ellipticity_err = 0.05000000074505806
position_angle = 0.0
position_angle_err = nan
bins = [0.5078693460201535, 3.392463056094658, 4.6995718524133165, 5.333147125292629, 6.083555840960464, 6.943629454790657, 7.790880388109799, 8.741511570718439, 9.808137300840231, 11.00491105387019, 12.347713290394022, 13.854362180251714, 15.54485003882561, 17.44160861291893, 19.569806736407113, 21.95768430537166, 24.636927004363596, 27.643086756186346, 31.016053474311285, 34.80058437779379, 39.04689789237725, 43.81134001849172, 49.15713200844584, 55.15520927403398, 61.88516265635293, 69.43629454790671, 77.90880388109815, 87.41511570718457, 98.08137300840252, 110.04911053870207, 123.47713290394036, 138.5436218025172, 155.4485003882561, 174.4160861291892, 195.6980673640709, 234.13611169209528]
