f_sat_cen = 0.17573519455652492
PSAT = 0.2
num_per_bin = 20
bin_width = 0.05

[centring_error]
xi_stat = 1.0692516688678158
xi_sys = 0.36837188510244806
eta_stat = 0.9938418395199021
eta_sys = 1.9027474812720617
counts = 507
