pericentre = 11.85802102039286
apocentre = 117.45933922218232
n_peris = 1
period = nan
period_apo = nan
time_last_peri = -31.04934049829018
peri_apo_max_err = 0.004032373341299689
orbital_timestep = -0.14509037616023449
x_i = -24.83539390563965
y_i = -82.61328887939453
z_i = -79.71790313720703
v_x_i = 0.04105972498655319
v_y_i = 0.14625564217567444
v_z_i = -0.1639624536037445
t_i = -198.04836345872008
x = 2.6388494968414307
y = 7.443968772888184
z = 49.09641647338867
v_x = -0.08043427765369415
v_y = -0.3179369568824768
v_z = 1.234761357307434
t_f = 0.0
Lx_f = 24.801090233149466
Ly_f = -7.207384180871912
Lz_f = -0.24023752757270245
E_f = -1.3573017856319627
idx_i = 1
ra = 209.47
ra_err = 0.11
dec = 26.68
dec_err = 0.06
distance = 50.79
distance_err = 4.257334903760167
pmra = -1.17
pmra_err = 0.03
pmdec = -0.88
pmdec_err = 0.02
radial_velocity = 188.0
radial_velocity_err = 2
