pericentre = 3.792826295090861
apocentre = 84.04048512751024
n_peris = 2
time_last_peri = -25.2457254518808
Lx_f = 9.21052744442352
Ly_f = -1.608711035107362
Lz_f = 0.03838781982194739
E_f = -1.6600773829312088
period = -219.66682950659504
period_apo = nan
dt = -148.5
peri_apo_max_err = 0.023268903277014363
x_i = -9.398416519165039
y_i = -55.559635162353516
z_i = -62.35062026977539
v_x_i = 0.015916047617793083
v_y_i = 0.09000474214553833
v_z_i = -0.08264466375112534
ra = 209.47
dec = 26.68
distance = 42.68
pmra = -1.15
pmdec = -0.88
radial_velocity = 188.0
x = 0.9205924898899447
y = 6.255337389379913
z = 41.260164166833455
v_x = -2.633180921495379
v_y = -9.243830061473687
v_z = 244.40910782510224
orbit_name = "peri_4"
idx_i = 1117
t_i = -135.0791402051783
ra_err = 0.11
dec_err = 0.06
distance_err = 4.257334903760167
pmra_err = 0.03
pmdec_err = 0.02
radial_velocity_err = 2
