pericentre = 11.85802102039286
apocentre = 117.45933922218232
n_peris = 1
time_last_peri = -31.04934049829018
Lx_f = 24.801090233149466
Ly_f = -7.207384180871912
Lz_f = -0.24023752757270245
E_f = -1.3573017856319627
period = nan
period_apo = nan
dt = -148.5
peri_apo_max_err = 0.004032373341299689
x_i = -24.83539390563965
y_i = -82.61328887939453
z_i = -79.71790313720703
v_x_i = 0.04105972498655319
v_y_i = 0.14625564217567444
v_z_i = -0.1639624536037445
ra = 209.47
dec = 26.68
distance = 50.79
pmra = -1.17
pmdec = -0.88
radial_velocity = 188.0
x = 2.638849497674839
y = 7.44396874429723
z = 49.09641635504853
v_x = -16.682068469115293
v_y = -65.94012349890184
v_z = 256.0895118459494
orbit_name = "peri_12"
idx_i = 683
t_i = -198.04836345872008
ra_err = 0.11
dec_err = 0.06
distance_err = 4.257334903760167
pmra_err = 0.03
pmdec_err = 0.02
radial_velocity_err = 2
