pericentre = 18.04619448854179
apocentre = 149.36785530079814
n_peris = 1
time_last_peri = -33.80605764533463
Lx_f = 35.47681490542948
Ly_f = -10.582834512332454
Lz_f = -0.800347697546286
E_f = -1.1670600818393488
period = nan
period_apo = nan
dt = -148.5
peri_apo_max_err = 0.0020094011731153216
x_i = -32.26374053955078
y_i = -99.8145751953125
z_i = -106.33370971679688
v_x_i = 0.047410398721694946
v_y_i = 0.17148031294345856
v_z_i = -0.17499767243862152
ra = 209.47
dec = 26.68
distance = 55.5
pmra = -1.17
pmdec = -0.88
radial_velocity = 187.9
x = 3.6367521495449817
y = 8.13428362489656
z = 53.64743334721782
v_x = -23.140294957154296
v_y = -97.40059950021967
v_z = 262.1741553708774
orbit_name = "largeperi"
idx_i = 261
t_i = -259.276502198339
ra_err = 0.11
dec_err = 0.06
distance_err = 4.257334903760167
pmra_err = 0.03
pmdec_err = 0.02
radial_velocity_err = 2
