pericentre = 1.5873064356974529
apocentre = 74.34745664562585
n_peris = 2
time_last_peri = -22.779189057156813
Lx_f = 3.993287510424011
Ly_f = 0.1828533993092254
Lz_f = -0.044844989243779665
E_f = -1.7773394251469816
period = -189.48803126526622
period_apo = nan
dt = -148.5
peri_apo_max_err = 0.0938553770286008
x_i = 0.9716017246246338
y_i = -39.98515319824219
z_i = -62.67206573486328
v_x_i = -0.0025288506876677275
v_y_i = 0.05791620910167694
v_z_i = -0.03645306080579758
ra = 209.47
dec = 26.68
distance = 39.1
pmra = -1.15
pmdec = -0.88
radial_velocity = 188.1
x = 0.1621017268973514
y = 5.730639454656856
z = 37.80100475452643
v_x = 2.0319856138177244
v_y = 14.458364340750904
v_z = 239.89443350262187
orbit_name = "peri_1.5"
idx_i = 1238
t_i = -117.52320468978994
ra_err = 0.11
dec_err = 0.06
distance_err = 4.257334903760167
pmra_err = 0.03
pmdec_err = 0.02
radial_velocity_err = 2
