pericentre = 18.04619448854179
apocentre = 149.36785530079814
n_peris = 1
period = nan
period_apo = nan
time_last_peri = -33.80605764533463
peri_apo_max_err = 0.0020094011731153216
orbital_timestep = -0.14509037616023449
x_i = -32.26374053955078
y_i = -99.8145751953125
z_i = -106.33370971679688
v_x_i = 0.047410398721694946
v_y_i = 0.17148031294345856
v_z_i = -0.17499767243862152
t_i = -259.276502198339
x = 3.636752128601074
y = 8.134284019470215
z = 53.64743423461914
v_x = -0.11157326400279999
v_y = -0.4696268141269684
v_z = 1.26409912109375
t_f = 0.0
Lx_f = 35.47681490542948
Ly_f = -10.582834512332454
Lz_f = -0.800347697546286
E_f = -1.1670600818393488
idx_i = 1
ra = 209.47
ra_err = 0.11
dec = 26.68
dec_err = 0.06
distance = 55.5
distance_err = 4.257334903760167
pmra = -1.17
pmra_err = 0.03
pmdec = -0.88
pmdec_err = 0.02
radial_velocity = 187.9
radial_velocity_err = 2
