pericentre = 26.128539743999646
apocentre = 201.3892092770151
n_peris = 1
time_last_peri = -35.69223253541768
Lx_f = 49.07899035423134
Ly_f = -14.763788501939644
Lz_f = -1.7318036041694995
E_f = -0.9366002843249677
period = nan
period_apo = nan
dt = -148.5
peri_apo_max_err = 0.0022056512988442023
x_i = -37.494789123535156
y_i = -104.671142578125
z_i = -167.915771484375
v_x_i = 0.09881090372800827
v_y_i = 0.3220301866531372
v_z_i = 0.047016218304634094
ra = 209.47
dec = 26.68
distance = 60.76
pmra = -1.17
pmdec = -0.88
radial_velocity = 187.6
x = 4.751182711930745
y = 8.90520852340027
z = 58.729885444629815
v_x = -30.392566521147366
v_y = -132.56240539008397
v_z = 268.78735389597523
orbit_name = "peri_26"
idx_i = 1
t_i = -297.0
ra_err = 0.11
dec_err = 0.06
distance_err = 4.257334903760167
pmra_err = 0.03
pmdec_err = 0.02
radial_velocity_err = 2
