pericentre = 7.136675546193055
apocentre = 97.51319097424405
n_peris = 1
period = nan
period_apo = nan
time_last_peri = -28.14753297508549
peri_apo_max_err = 0.011488051266650423
orbital_timestep = -0.14509037616023449
x_i = -17.625383377075195
y_i = -68.98320007324219
z_i = -66.62947082519531
v_x_i = 0.030123131349682808
v_y_i = 0.11787554621696472
v_z_i = -0.12942881882190704
t_i = -160.17977528089887
x = 1.74264395236969
y = 6.824004650115967
z = 45.00919723510742
v_x = -0.04476218298077583
v_y = -0.17506106197834015
v_z = 1.2052676677703857
t_f = 0.0
Lx_f = 16.104110036270015
Ly_f = -4.1150623346824915
Lz_f = 0.0003882438581861436
E_f = -1.521190481008163
idx_i = 1
ra = 209.47
ra_err = 0.11
dec = 26.68
dec_err = 0.06
distance = 46.56
distance_err = 4.257334903760167
pmra = -1.16
pmra_err = 0.03
pmdec = -0.88
pmdec_err = 0.02
radial_velocity = 188.0
radial_velocity_err = 2
