pericentre = 3.792826295090861
apocentre = 84.04048512751024
n_peris = 1
period = nan
period_apo = nan
time_last_peri = -25.2457254518808
peri_apo_max_err = 0.023268903277014363
orbital_timestep = -0.14509037616023449
x_i = -9.398416519165039
y_i = -55.559635162353516
z_i = -62.35062026977539
v_x_i = 0.015916047617793083
v_y_i = 0.09000474214553833
v_z_i = -0.08264466375112534
t_i = -135.0791402051783
x = 0.9205924868583679
y = 6.255337238311768
z = 41.260162353515625
v_x = -0.012696146965026855
v_y = -0.04457005858421326
v_z = 1.178443193435669
t_f = 0.0
Lx_f = 9.21052744442352
Ly_f = -1.608711035107362
Lz_f = 0.03838781982194739
E_f = -1.6600773829312088
idx_i = 1
ra = 209.47
ra_err = 0.11
dec = 26.68
dec_err = 0.06
distance = 42.68
distance_err = 4.257334903760167
pmra = -1.15
pmra_err = 0.03
pmdec = -0.88
pmdec_err = 0.02
radial_velocity = 188.0
radial_velocity_err = 2
