break_radius_arcmin = 108.62243743448524
break_radius_kpc = 2.61282014503343
