distance: 86.6833136589439
dec: -33.70916983701802
pm_ra: 0.11355336366654584
distance_err: 3.0
radial_velocity: 110.37833721697412
ra: 15.03916968467583
pm_ra_err: 0.02
pm_dec_err: 0.02
radial_velocity_err: 1.0
pm_dec: -0.17524540904999616
