distance: 87.78877059767863
dec: -33.70916941900256
pm_ra: 0.08489160251066608
distance_err: 3.0
radial_velocity: 111.36920570992848
ra: 15.03916982014705
pm_ra_err: 0.02
pm_dec_err: 0.02
radial_velocity_err: 1.0
pm_dec: -0.14921214656238369
