distance = 85.22722213844365
dec = -33.718325455955075
pmdec_err = 0.02
distance_err = 2.0
pmra = 0.09893889641479886
radial_velocity = 111.2394728785878
ra = 15.019104737251018
pmdec = -0.1381003867205441
radial_velocity_err = 0.2
pmra_err = 0.02
