distance = 83.19999905152916
dec = -33.718599828039956
pmdec_err = 0.02
distance_err = 2.0
pmra = 0.09900001139855298
radial_velocity = 111.02999828188905
ra = 15.018299835652098
pmdec = -0.1600000145363495
radial_velocity_err = 0.3
pmra_err = 0.02
