distance = 80.76248599397441
dec = -33.70869396163754
pmdec_err = 0.02
distance_err = 2.0
pmra = 0.10071914915575185
radial_velocity = 111.20303936658367
ra = 15.013235706925704
pmdec = -0.17668986095955788
radial_velocity_err = 0.3
pmra_err = 0.02
