distance = 85.39323511123322
dec = -33.71933652145335
pmdec_err = 0.02
distance_err = 2.0
pmra = 0.13366333394724286
radial_velocity = 111.54034065705791
ra = 15.01756317012689
pmdec = -0.1584867771352165
radial_velocity_err = 0.2
pmra_err = 0.02
