distance = 84.62808814912874
dec = -33.71880585830628
pmdec_err = 0.002
distance_err = 2.0
pmra = 0.10547570915401087
radial_velocity = 110.96229908008186
ra = 15.021876234224365
pmdec = -0.18349797299527554
radial_velocity_err = 0.2
pmra_err = 0.002
