distance = 84.57483930937431
dec = -33.722175489861634
pmdec_err = 0.02
distance_err = 2.0
pmra = 0.13172952878012
radial_velocity = 111.36835762214757
ra = 15.03801700957596
pmdec = -0.1681306360797488
radial_velocity_err = 0.3
pmra_err = 0.02
