distance = 84.85752985717201
dec = -33.711119407837195
pmdec_err = 0.002
distance_err = 2.0
pmra = 0.07589768739900452
radial_velocity = 110.53916412350914
ra = 15.004813072279784
pmdec = -0.16023001364255512
radial_velocity_err = 0.2
pmra_err = 0.002
