ra = 152.1170833333333
ra_em = 0.0
ra_ep = 0.0
ra_ref = "MV2020"
dec = 12.30638888888889
dec_em = 0.0
dec_ep = 0.0
dec_ref = "MV2020"
distance = 258.22601906345955
distance_em = 9.3402872352205
distance_ep = 9.690813418443042
distance_modulus = 22.06
distance_modulus_em = 0.08
distance_modulus_ep = 0.08
distance_ref = "Stetson2014PASP..126..616S"
pmra = -0.05000000074505806
pmra_em = 0.009999999776482582
pmra_ep = 0.009999999776482582
pmra_ref = "MV2020"
pmdec = -0.10999999940395355
pmdec_em = 0.009999999776482582
pmdec_ep = 0.009999999776482582
pmdec_ref = "MV2020"
radial_velocity = 282.5
radial_velocity_em = 0.10000000149011612
radial_velocity_ep = 0.10000000149011612
radial_velocity_ref = "MV2020"
sigma_v = 9.2
sigma_v_em = 0.4
sigma_v_ep = 0.4
sigma_v_ref = "Mateo2008ApJ...675..201M"
position_angle = 78.0
position_angle_em = 1.0
position_angle_ep = 1.0
postiion_angle_ref = "MV2020"
ellipticity = 0.30000001192092896
ellipticity_em = 0.009999999776482582
ellipticity_ep = 0.009999999776482582
ellipticity_ref = "MV2020"
Mv = -11.780000686645508
Mv_em = 0.4099999964237213
Mv_ep = 0.4099999964237213
mv = 10.239999771118164
mv_em = 0.2800000011920929
mv_ep = 0.2800000011920929
mv_ref = "MV2020"
r_h = 3.299999952316284
r_h_em = 0.029999999329447746
r_h_ep = 0.029999999329447746
r_h_ref = "MV2020"
metallicity = -1.4299999475479126
metallicity_em = 0.009999999776482582
metallicity_ep = 0.009999999776482582
metallicity_ref = "MV2020"
pmra_gsr = -0.005374856413972857
pmdec_gsr = 0.06175942278389803
radial_velocity_gsr = 166.93188463364731
theta_pm_gsr = -39.64
MV2020_references = "(38)(39)(100)(130)(180)(255)(266)(267)"
