r_h = 3.1272096155405547
r_h_err = 0.06635361230718614
chi2_sersic = 1.7574932627168975
M_sersic = 1494.943614034143
M_sersic_err = 65.14660886818827
n_sersic = 0.8840524455834422
n_sersic_err = 0.03672939800766294
r_s_exp = 1.8004621636209153
r_s_exp_err = 0.03450794459286262
chi2_exp = 2.118516417333075
M_exp = 1418.855444526196
M_exp_err = 66.43191712191805
r_s_king = 2.299050803238974
r_s_king_err = 0.12207933890070187
c_king = 6.476227630870531
c_king_err = 0.4156221050867348
chi2_king = 0.4156221050867348
M_king = 1432.0612924905477
M_king_err = 154.62822405529116
