ra = 344.166
ra_err = 0.0
ra_ref = "Cantu2021ApJ...916...81C"
dec = -50.168
dec_err = 0.0
dec_ref = "Cantu2021ApJ...916...81C"
distance = 126.47363474711523
distance_err = 5.960518772351463
distance_ref = "MartinezVazquez2019MNRAS.490.2183M"
pmra = 0.069
pmra_err = 0.051
pmra_ref = "Pace2022ApJ...940..136P"
pmdec = -0.248
pmdec_err = 0.072
pmdec_ref = "Pace2022ApJ...940..136P"
radial_velocity = -143.5
radial_velocity_err = 1.2
radial_velocity_ref = "Chiti2022ApJ...939...41C"
sigma_v = 2.5
sigma_v_err = 1.3
sigma_v_ref = "Chiti2022ApJ...939...41C"
PA = 153.0
PA_err = 8.0
PA_ref = "Cantu2021ApJ...916...81C"
ellipticity = 0.44
ellipticity_err = 0.1
ellipticity_ref = "Cantu2021ApJ...916...81C"
Mv = -4.130000000000003
Mv_err = 0.3
pmra_gsr = -0.07502184669399606
pmdec_gsr = 0.12811777793121132
radial_velocity_gsr = -190.83335112395616
theta_pm_gsr = -39.64
