ra = 359.1075
ra_err = 0.0
ra_ref = "MutluPakdil2018ApJ...863...25M"
dec = -59.58332
dec_err = 0.0
dec_ref = "MutluPakdil2018ApJ...863...25M"
distance = 22.90867652767775
distance_err = 1.0796526625172014
distance_ref = "MutluPakdil2018ApJ...863...25M"
pmra = -0.048
pmra_err = 0.036
pmra_ref = "Pace2022ApJ...940..136P"
pmdec = -1.638
pmdec_err = 0.039
pmdec_ref = "Pace2022ApJ...940..136P"
radial_velocity = -102.3
radial_velocity_err = 0.4
radial_velocity_ref = "Simon2017ApJ...838...11S"
sigma_v = nan
sigma_v_err = nan
sigma_v_ref = "Simon2017ApJ...838...11S"
PA = 25.0
PA_err = 38.0
PA_ref = "MutluPakdil2018ApJ...863...25M"
ellipticity = 0.2
ellipticity_err = 0.1
ellipticity_ref = "MutluPakdil2018ApJ...863...25M"
Mv = -1.3000000000000007
Mv_err = 0.2
pmra_gsr = -1.155378053049532
pmdec_gsr = 0.12404344013339105
radial_velocity_gsr = -199.6018357606727
theta_pm_gsr = -39.64
