ra = 15.0183
ra_err = 0.0
ra_ref = "Munoz2018ApJ...860...66M"
dec = -33.7186
dec_err = 0.0
dec_ref = "Munoz2018ApJ...860...66M"
distance = 83.94599865193982
distance_err = 1.5606726365285937
distance_ref = "MartinezVazquez2015MNRAS.454.1509M"
pmra = 0.1
pmra_err = 0.002
pmra_ref = "Pace2022ApJ...940..136P"
pmdec = -0.158
pmdec_err = 0.002
pmdec_ref = "Pace2022ApJ...940..136P"
radial_velocity = 111.4
radial_velocity_err = 0.1
radial_velocity_ref = "Walker2009AJ....137.3100W"
sigma_v = 9.2
sigma_v_err = 1.1
sigma_v_ref = "Walker2009AJ....137.3100W"
PA = 92.0
PA_err = 1.0
PA_ref = "Munoz2018ApJ...860...66M"
ellipticity = 0.33
ellipticity_err = 0.01
ellipticity_ref = "Munoz2018ApJ...860...66M"
Mv = -10.770000000000001
Mv_err = 0.14
pmra_gsr = -0.27036638602687196
pmdec_gsr = 0.32918139251992945
radial_velocity_gsr = 76.21269171105358
theta_pm_gsr = -39.64
