ra = 210.02
ra_err = 0.0
ra_ref = "Munoz2018ApJ...860...66M"
dec = 14.5135
dec_err = 0.0
dec_ref = "Munoz2018ApJ...860...66M"
distance = 66.37430704019089
distance_err = 2.4909225942365936
distance_ref = "DallOra2006ApJ...653L.109D"
pmra = -0.385
pmra_err = 0.017
pmra_ref = "Pace2022ApJ...940..136P"
pmdec = -1.068
pmdec_err = 0.013
pmdec_ref = "Pace2022ApJ...940..136P"
radial_velocity = 101.8
radial_velocity_err = 0.7
radial_velocity_ref = "Koposov2011ApJ...736..146K"
sigma_v = 4.6
sigma_v_err = 0.8
sigma_v_ref = "Koposov2011ApJ...736..146K"
PA = 6.0
PA_err = 3.0
PA_ref = "Munoz2018ApJ...860...66M"
ellipticity = 0.3
ellipticity_err = 0.03
ellipticity_ref = "Munoz2018ApJ...860...66M"
Mv = -6.02
Mv_err = 0.25
pmra_gsr = 0.1319092171251616
pmdec_gsr = -0.481860506259741
radial_velocity_gsr = 110.77313578455194
theta_pm_gsr = -39.64
