ra = 152.1146
ra_err = 0.0
ra_ref = "Munoz2018ApJ...860...66M"
dec = 12.3059
dec_err = 0.0
dec_ref = "Munoz2018ApJ...860...66M"
distance = 258.22601906345955
distance_err = 9.690813418443042
distance_ref = "Stetson2014PASP..126..616S"
pmra = -0.111
pmra_err = 0.004
pmra_ref = "Bennet2024ApJ...971...98B"
pmdec = -0.063
pmdec_err = 0.005
pmdec_ref = "Bennet2024ApJ...971...98B"
radial_velocity = 282.9
radial_velocity_err = 0.5
radial_velocity_ref = "Mateo2008ApJ...675..201M"
sigma_v = 9.2
sigma_v_err = 0.4
sigma_v_ref = "Mateo2008ApJ...675..201M"
PA = 78.0
PA_err = 1.0
PA_ref = "Munoz2018ApJ...860...66M"
ellipticity = 0.3
ellipticity_err = 0.1
ellipticity_ref = "Munoz2018ApJ...860...66M"
Mv = -11.819999999999999
Mv_err = 0.28
pmra_gsr = -0.06638044032918455
pmdec_gsr = 0.10875902881334129
radial_velocity_gsr = 167.3277775247309
theta_pm_gsr = -39.64
