ra = 143.7225
ra_err = 0.0
ra_ref = "Higgs2021MNRAS.503..176H"
dec = 17.05138889
dec_err = 0.0
dec_ref = "Higgs2021MNRAS.503..176H"
distance = 413.04750199016104
distance_err = 15.501018407278139
distance_ref = "Higgs2021MNRAS.503..176H"
pmra = -0.007
pmra_err = 0.242
pmra_ref = "Bennet2024ApJ...971...98B"
pmdec = 0.11
pmdec_err = 0.168
pmdec_ref = "Bennet2024ApJ...971...98B"
radial_velocity = 38.1
radial_velocity_err = 2.0
radial_velocity_ref = "Simon2007ApJ...670..313S"
sigma_v = 7.5
sigma_v_err = 1.6
sigma_v_ref = "Simon2007ApJ...670..313S"
PA = 121.13
PA_err = 34.66
PA_ref = "Higgs2021MNRAS.503..176H"
ellipticity = 0.12
ellipticity_err = 0.08
ellipticity_ref = "Higgs2021MNRAS.503..176H"
Mv = -7.979999999999999
Mv_err = 0.5
pmra_gsr = 0.008839645761397149
pmdec_gsr = 0.22283490550128507
radial_velocity_gsr = -65.68837675502073
theta_pm_gsr = -39.64
