ra = 162.3436
ra_err = 0.0
ra_ref = "Munoz2018ApJ...860...66M"
dec = 51.0501
dec_err = 0.0
dec_ref = "Munoz2018ApJ...860...66M"
distance = 38.01893963205613
distance_err = 7.689879329431292
distance_ref = "Willman2006astro.ph..3486W"
pmra = 0.255
pmra_err = 0.087
pmra_ref = "Pace2022ApJ...940..136P"
pmdec = -1.11
pmdec_err = 0.095
pmdec_ref = "Pace2022ApJ...940..136P"
radial_velocity = -14.1
radial_velocity_err = 1.0
radial_velocity_ref = "Willman2011AJ....142..128W"
sigma_v = 4.0
sigma_v_err = 0.8
sigma_v_ref = "Willman2011AJ....142..128W"
PA = 73.0
PA_err = 4.0
PA_ref = "Munoz2018ApJ...860...66M"
ellipticity = 0.47
ellipticity_err = 0.06
ellipticity_ref = "Munoz2018ApJ...860...66M"
Mv = -2.5299999999999994
Mv_err = 0.74
pmra_gsr = 0.7086543074297323
pmdec_gsr = 0.1485376014142312
radial_velocity_gsr = 35.0184758167261
theta_pm_gsr = -39.64
