ra = 56.0925
ra_err = 0.0
ra_ref = "Crnojevic2016ApJ...824L..14C"
dec = -43.5329
dec_err = 0.0
dec_ref = "Crnojevic2016ApJ...824L..14C"
distance = 369.8281797802659
distance_err = 8.614404936827668
distance_ref = "MartinezVazquez2021MNRAS.508.1064M"
pmra = 0.125
pmra_err = 0.101
pmra_ref = "Pace2022ApJ...940..136P"
pmdec = 0.013
pmdec_err = 0.127
pmdec_ref = "Pace2022ApJ...940..136P"
radial_velocity = 75.6
radial_velocity_err = 1.3
radial_velocity_ref = "Li2017ApJ...838....8L"
sigma_v = 6.9
sigma_v_err = 1.2
sigma_v_ref = "Li2017ApJ...838....8L"
PA = 72.6
PA_err = 3.3
PA_ref = "Crnojevic2016ApJ...824L..14C"
ellipticity = 0.48
ellipticity_err = 0.04
ellipticity_ref = "Crnojevic2016ApJ...824L..14C"
Mv = -7.119999999999999
Mv_err = 0.3
pmra_gsr = 0.032260060858860365
pmdec_gsr = 0.07292238279586735
radial_velocity_gsr = -76.30533898623375
theta_pm_gsr = -39.64
