ra = 238.1983333
ra_err = 0.0
ra_ref = "Longeard2018MNRAS.480.2609L"
dec = 64.56527778
dec_err = 0.0
dec_ref = "Longeard2018MNRAS.480.2609L"
distance = 21.57744409152669
distance_err = 0.5026032386623207
distance_ref = "Longeard2018MNRAS.480.2609L"
pmra = 1.027
pmra_err = 0.067
pmra_ref = "Pace2022ApJ...940..136P"
pmdec = 0.887
pmdec_err = 0.072
pmdec_ref = "Pace2022ApJ...940..136P"
radial_velocity = -342.5
radial_velocity_err = 1.2
radial_velocity_ref = "Longeard2018MNRAS.480.2609L"
sigma_v = nan
sigma_v_err = nan
sigma_v_ref = "Longeard2018MNRAS.480.2609L"
PA = 76.0
PA_err = 32.0
PA_ref = "Longeard2018MNRAS.480.2609L"
ellipticity = 0.23
ellipticity_err = 0.15
ellipticity_ref = "Longeard2018MNRAS.480.2609L"
Mv = -0.8000000000000025
Mv_err = 1.0
pmra_gsr = 2.6018809414621744
pmdec_gsr = 1.2601081076121037
radial_velocity_gsr = -160.45678055691997
theta_pm_gsr = -39.64
