ra = 247.7722
ra_err = 0.0
ra_ref = "Munoz2018ApJ...860...66M"
dec = 12.7852
dec_err = 0.0
dec_ref = "Munoz2018ApJ...860...66M"
distance = 130.61708881318404
distance_err = 6.155793746400917
distance_ref = "MutluPakdil2020ApJ...902..106M"
pmra = -0.035
pmra_err = 0.042
pmra_ref = "Pace2022ApJ...940..136P"
pmdec = -0.339
pmdec_err = 0.036
pmdec_ref = "Pace2022ApJ...940..136P"
radial_velocity = 45.0
radial_velocity_err = 1.1
radial_velocity_ref = "Simon2007ApJ...670..313S"
sigma_v = 5.1
sigma_v_err = 0.9
sigma_v_ref = "Simon2007ApJ...670..313S"
PA = -73.0
PA_err = 2.0
PA_ref = "Munoz2018ApJ...860...66M"
ellipticity = 0.69
ellipticity_err = 0.03
ellipticity_ref = "Munoz2018ApJ...860...66M"
Mv = -5.806999999999999
Mv_err = 0.17
pmra_gsr = 0.20979736976661256
pmdec_gsr = -0.07924311147820366
radial_velocity_gsr = 153.1776676679075
theta_pm_gsr = -39.64
