ra = 27.775
ra_err = 0.0
ra_ref = "Battaglia2012MNRAS.424.1113B"
dec = -44.445
dec_err = 0.0
dec_ref = "Battaglia2012MNRAS.424.1113B"
distance = 409.26065973001096
distance_err = 41.556044811449055
distance_ref = "Battaglia2012MNRAS.424.1113B"
pmra = 0.142
pmra_err = 0.028
pmra_ref = "Bennet2024ApJ...971...98B"
pmdec = -0.04
pmdec_err = 0.032
pmdec_ref = "Bennet2024ApJ...971...98B"
radial_velocity = -21.2
radial_velocity_err = 1.0
radial_velocity_ref = "Kacharov2017MNRAS.466.2006K"
sigma_v = 9.3
sigma_v_err = 0.7
sigma_v_ref = "Kacharov2017MNRAS.466.2006K"
PA = 8.0
PA_err = 4.0
PA_ref = "Battaglia2012MNRAS.424.1113B"
ellipticity = 0.3
ellipticity_err = 0.03
ellipticity_ref = "Battaglia2012MNRAS.424.1113B"
Mv = -9.87
Mv_err = 0.4
pmra_gsr = 0.05898929860421009
pmdec_gsr = 0.042363080265045844
radial_velocity_gsr = -116.47041659416035
theta_pm_gsr = -39.64
