ra = 202.0091
ra_err = 0.0
ra_ref = "Munoz2018ApJ...860...66M"
dec = 33.5521
dec_err = 0.0
dec_ref = "Munoz2018ApJ...860...66M"
distance = 210.86281499332887
distance_err = 5.907595488640766
distance_ref = "Kuehn2008ApJ...674L..81K"
pmra = -0.096
pmra_err = 0.031
pmra_ref = "Pace2022ApJ...940..136P"
pmdec = -0.116
pmdec_err = 0.02
pmdec_ref = "Pace2022ApJ...940..136P"
radial_velocity = 30.9
radial_velocity_err = 0.6
radial_velocity_ref = "Simon2007ApJ...670..313S"
sigma_v = 7.6
sigma_v_err = 0.4
sigma_v_ref = "Simon2007ApJ...670..313S"
PA = 80.0
PA_err = 2.0
PA_ref = "Munoz2018ApJ...860...66M"
ellipticity = 0.44
ellipticity_err = 0.03
ellipticity_ref = "Munoz2018ApJ...860...66M"
Mv = -8.73
Mv_err = 0.06
pmra_gsr = 0.05988956705188869
pmdec_gsr = 0.06781136958362514
radial_velocity_gsr = 80.95863159670627
theta_pm_gsr = -39.64
