ra = 0.717
ra_err = 0.0
ra_ref = "Simon2020ApJ...892..137S"
dec = -60.83
dec_err = 0.0
dec_ref = "Simon2020ApJ...892..137S"
distance = 46.98941086052151
distance_err = 4.061089137019138
distance_ref = "Simon2020ApJ...892..137S"
pmra = 0.534
pmra_err = 0.053
pmra_ref = "Pace2022ApJ...940..136P"
pmdec = -1.707
pmdec_err = 0.055
pmdec_ref = "Pace2022ApJ...940..136P"
radial_velocity = 15.9
radial_velocity_err = 1.8
radial_velocity_ref = "Simon2020ApJ...892..137S"
sigma_v = 4.3
sigma_v_err = 1.7
sigma_v_ref = "Simon2020ApJ...892..137S"
PA = 27.0
PA_err = 9.0
PA_ref = "Simon2020ApJ...892..137S"
ellipticity = 0.39
ellipticity_err = 0.1
ellipticity_ref = "Simon2020ApJ...892..137S"
Mv = -3.0
Mv_err = 0.4
pmra_gsr = -0.020261207250710588
pmdec_gsr = -0.8710804547798802
radial_velocity_gsr = -87.21067544680443
theta_pm_gsr = -39.64
