ra = 151.7504
ra_err = 0.0
ra_ref = "Munoz2018ApJ...860...66M"
dec = 16.0756
dec_err = 0.0
dec_ref = "Munoz2018ApJ...860...66M"
distance = 22.90867652767775
distance_err = 2.210187787418075
distance_ref = "Belokurov2007ApJ...654..897B"
pmra = -2.102
pmra_err = 0.051
pmra_ref = "Pace2022ApJ...940..136P"
pmdec = -3.375
pmdec_err = 0.046
pmdec_ref = "Pace2022ApJ...940..136P"
radial_velocity = 208.5
radial_velocity_err = 0.9
radial_velocity_ref = "Simon2011ApJ...733...46S"
sigma_v = 3.7
sigma_v_err = 1.4
sigma_v_ref = "Simon2011ApJ...733...46S"
PA = 77.0
PA_err = 15.0
PA_ref = "Munoz2018ApJ...860...66M"
ellipticity = 0.33
ellipticity_err = 0.1
ellipticity_ref = "Munoz2018ApJ...860...66M"
Mv = -1.3000000000000007
Mv_err = 0.73
pmra_gsr = -1.6082917514951627
pmdec_gsr = -1.3722798341106326
radial_velocity_gsr = 106.6705871819542
theta_pm_gsr = -39.64
