ra = 342.9796
ra_err = 0.0
ra_ref = "Koposov2015ApJ...805..130K"
dec = -58.5689
dec_err = 0.0
dec_ref = "Koposov2015ApJ...805..130K"
distance = 56.23413251903491
distance_err = 5.4253676671133135
distance_ref = "Vivas2020ApJS..247...35V"
pmra = 0.911
pmra_err = 0.026
pmra_ref = "Pace2022ApJ...940..136P"
pmdec = -1.28
pmdec_err = 0.029
pmdec_ref = "Pace2022ApJ...940..136P"
radial_velocity = -124.7
radial_velocity_err = 1.0
radial_velocity_ref = "Chiti2023AJ....165...55C"
sigma_v = 3.8
sigma_v_err = 1.1
sigma_v_ref = "Chiti2023AJ....165...55C"
PA = 107.0
PA_err = 18.0
PA_ref = "Koposov2015ApJ...805..130K"
ellipticity = 0.39
ellipticity_err = 0.2
ellipticity_ref = "Koposov2015ApJ...805..130K"
Mv = -3.75
Mv_err = 0.1
pmra_gsr = 0.5982515108012351
pmdec_gsr = -0.46348390403853734
radial_velocity_gsr = -203.55426098464824
theta_pm_gsr = -39.64
