ra = 186.7454
ra_err = 0.0
ra_ref = "Munoz2018ApJ...860...66M"
dec = 23.9069
dec_err = 0.0
dec_ref = "Munoz2018ApJ...860...66M"
distance = 42.26686142656025
distance_err = 1.5862083509382714
distance_ref = "Musella2009ApJ...695L..83M"
pmra = 0.423
pmra_err = 0.027
pmra_ref = "Pace2022ApJ...940..136P"
pmdec = -1.721
pmdec_err = 0.024
pmdec_ref = "Pace2022ApJ...940..136P"
radial_velocity = 98.1
radial_velocity_err = 0.9
radial_velocity_ref = "Simon2007ApJ...670..313S"
sigma_v = 4.6
sigma_v_err = 0.8
sigma_v_ref = "Simon2007ApJ...670..313S"
PA = -57.0
PA_err = 4.0
PA_ref = "Munoz2018ApJ...860...66M"
ellipticity = 0.37
ellipticity_err = 0.05
ellipticity_ref = "Munoz2018ApJ...860...66M"
Mv = -4.289999999999999
Mv_err = 0.25
pmra_gsr = 1.0946609157057026
pmdec_gsr = -0.696394001645817
radial_velocity_gsr = 81.09287744551652
theta_pm_gsr = -39.64
