ra = 34.8226
ra_err = 0.0
ra_ref = "Munoz2018ApJ...860...66M"
dec = 20.1624
dec_err = 0.0
dec_ref = "Munoz2018ApJ...860...66M"
distance = 36.475394692560734
distance_err = 2.434575722460643
distance_ref = "Boettcher2013AJ....146...94B"
pmra = 1.446
pmra_err = 0.059
pmra_ref = "Pace2022ApJ...940..136P"
pmdec = -0.322
pmdec_err = 0.05
pmdec_ref = "Pace2022ApJ...940..136P"
radial_velocity = -40.2
radial_velocity_err = 0.9
radial_velocity_ref = "Kirby2013ApJ...770...16K"
sigma_v = nan
sigma_v_err = nan
sigma_v_ref = "Kirby2013ApJ...770...16K"
PA = 164.0
PA_err = 14.0
PA_ref = "Munoz2018ApJ...860...66M"
ellipticity = 0.22
ellipticity_err = 0.07
ellipticity_ref = "Munoz2018ApJ...860...66M"
Mv = -1.9499999999999993
Mv_err = 0.88
pmra_gsr = 0.4905094190467257
pmdec_gsr = 0.6120845380725635
radial_velocity_gsr = 44.44064776714994
theta_pm_gsr = -39.64
