ra = 132.8726
ra_err = 0.0
ra_ref = "Munoz2018ApJ...860...66M"
dec = 63.1335
dec_err = 0.0
dec_ref = "Munoz2018ApJ...860...66M"
distance = 34.673685045253166
distance_err = 2.1392123189999595
distance_ref = "DallOra2012ApJ...752...42D"
pmra = 1.731
pmra_err = 0.021
pmra_ref = "Pace2022ApJ...940..136P"
pmdec = -1.906
pmdec_err = 0.025
pmdec_ref = "Pace2022ApJ...940..136P"
radial_velocity = -116.5
radial_velocity_err = 1.9
radial_velocity_ref = "Simon2007ApJ...670..313S"
sigma_v = 6.7
sigma_v_err = 1.4
sigma_v_ref = "Simon2007ApJ...670..313S"
PA = -76.0
PA_err = 2.0
PA_ref = "Munoz2018ApJ...860...66M"
ellipticity = 0.56
ellipticity_err = 0.03
ellipticity_ref = "Munoz2018ApJ...860...66M"
Mv = -4.42
Mv_err = 0.26
pmra_gsr = 1.7284896713692632
pmdec_gsr = -0.5030553310475253
radial_velocity_gsr = -30.656476145237832
theta_pm_gsr = -39.64
