ra = 172.7857
ra_err = 0.0
ra_ref = "Munoz2018ApJ...860...66M"
dec = 2.2194
dec_err = 0.0
dec_ref = "Munoz2018ApJ...860...66M"
distance = 169.04409316432634
distance_err = 4.735989710611278
distance_ref = "Medina2018ApJ...855...43M"
pmra = 0.1186
pmra_err = 0.1943
pmra_ref = "Julio2024A&A...687A.212J"
pmdec = -0.1183
pmdec_err = 0.1704
pmdec_ref = "Julio2024A&A...687A.212J"
radial_velocity = 173.1
radial_velocity_err = 1.0
radial_velocity_ref = "Jenkins2021ApJ...920...92J"
sigma_v = nan
sigma_v_err = nan
sigma_v_ref = "Jenkins2021ApJ...920...92J"
PA = -71.0
PA_err = 26.0
PA_ref = "Munoz2018ApJ...860...66M"
ellipticity = 0.43
ellipticity_err = 0.22
ellipticity_ref = "Munoz2018ApJ...860...66M"
Mv = -4.400000000000002
Mv_err = 0.36
pmra_gsr = 0.25185236504360214
pmdec_gsr = 0.11333734967975057
radial_velocity_gsr = 51.90440823121943
theta_pm_gsr = -39.64
