ra = 209.3
ra_err = 0.0
ra_ref = "Moskowitz2020ApJ...892...27M"
dec = 26.8
dec_err = 0.0
dec_ref = "Moskowitz2020ApJ...892...27M"
distance = 46.55860935229591
distance_err = 0.43080150822559915
distance_ref = "Carlin2018ApJ...865....7C"
pmra = -1.176
pmra_err = 0.019
pmra_ref = "Pace2022ApJ...940..136P"
pmdec = -0.89
pmdec_err = 0.015
pmdec_ref = "Pace2022ApJ...940..136P"
radial_velocity = 197.5
radial_velocity_err = 3.6
radial_velocity_ref = "Carlin2009ApJ...702L...9C"
sigma_v = 10.7
sigma_v_err = 3.5
sigma_v_ref = "Carlin2009ApJ...702L...9C"
PA = 279.0
PA_err = 9.0
PA_ref = "Moskowitz2020ApJ...892...27M"
ellipticity = 0.33
ellipticity_err = 0.09
ellipticity_ref = "Moskowitz2020ApJ...892...27M"
Mv = -5.74
Mv_err = 0.5
pmra_gsr = -0.4412853448779393
pmdec_gsr = -0.07801647571022068
radial_velocity_gsr = 243.69191833653423
theta_pm_gsr = -39.64
