ra = 39.9583
ra_err = 0.0
ra_ref = "Wang2019ApJ...881..118W"
dec = -34.4997
dec_err = 0.0
dec_ref = "Wang2019ApJ...881..118W"
distance = 142.5607593602188
distance_err = 3.186366765434002
distance_ref = "Oakes2022ApJ...929..116O"
pmra = 0.381
pmra_err = 0.001
pmra_ref = "Pace2022ApJ...940..136P"
pmdec = -0.359
pmdec_err = 0.002
pmdec_ref = "Pace2022ApJ...940..136P"
radial_velocity = 55.2
radial_velocity_err = 0.1
radial_velocity_ref = "Walker2009AJ....137.3100W"
sigma_v = 12.1
sigma_v_err = 0.2
sigma_v_ref = "Walker2009AJ....137.3100W"
PA = 42.7
PA_err = 0.3
PA_ref = "Wang2019ApJ...881..118W"
ellipticity = 0.29
ellipticity_err = 0.002
ellipticity_ref = "Wang2019ApJ...881..118W"
Mv = -13.393
Mv_err = 0.2
pmra_gsr = 0.13436072368940394
pmdec_gsr = -0.13107319750973448
radial_velocity_gsr = -39.866035997813135
theta_pm_gsr = -39.64
