ra = 168.3627
ra_err = 0.0
ra_ref = "Munoz2018ApJ...860...66M"
dec = 22.1529
dec_err = 0.0
dec_ref = "Munoz2018ApJ...860...66M"
distance = 233.34580622810043
distance_err = 14.396399535228198
distance_ref = "Bellazzini2005MNRAS.360..185B"
pmra = -0.13
pmra_err = 0.009
pmra_ref = "Bennet2024ApJ...971...98B"
pmdec = -0.143
pmdec_err = 0.009
pmdec_ref = "Bennet2024ApJ...971...98B"
radial_velocity = 78.5
radial_velocity_err = 0.6
radial_velocity_ref = "Spencer2017ApJ...836..202S"
sigma_v = 7.4
sigma_v_err = 0.4
sigma_v_ref = "Spencer2017ApJ...836..202S"
PA = 38.0
PA_err = 8.0
PA_ref = "Munoz2018ApJ...860...66M"
ellipticity = 0.07
ellipticity_err = 0.01
ellipticity_ref = "Munoz2018ApJ...860...66M"
Mv = -9.72
Mv_err = 0.04
pmra_gsr = -0.04269894927138638
pmdec_gsr = 0.0547832650858253
radial_velocity_gsr = 20.576265945027203
theta_pm_gsr = -39.64
