ra = 158.7706
ra_err = 0.0
ra_ref = "Munoz2018ApJ...860...66M"
dec = 51.9479
dec_err = 0.0
dec_ref = "Munoz2018ApJ...860...66M"
distance = 97.27472237769662
distance_err = 6.00141819844319
distance_ref = "Garofalo2013ApJ...767...62G"
pmra = -0.401
pmra_err = 0.036
pmra_ref = "Pace2022ApJ...940..136P"
pmdec = -0.613
pmdec_err = 0.042
pmdec_ref = "Pace2022ApJ...940..136P"
radial_velocity = -55.3
radial_velocity_err = 1.4
radial_velocity_ref = "Simon2007ApJ...670..313S"
sigma_v = 7.0
sigma_v_err = 1.0
sigma_v_ref = "Simon2007ApJ...670..313S"
PA = 67.0
PA_err = 2.0
PA_ref = "Munoz2018ApJ...860...66M"
ellipticity = 0.59
ellipticity_err = 0.03
ellipticity_ref = "Munoz2018ApJ...860...66M"
Mv = -5.140000000000001
Mv_err = 0.38
pmra_gsr = -0.24370485614001056
pmdec_gsr = -0.11462332220554462
radial_velocity_gsr = -5.599796152081621
theta_pm_gsr = -39.64
