ra = 114.6298
ra_err = 0.0
ra_ref = "Torrealba2018MNRAS.475.5085T"
dec = -57.8997
dec_err = 0.0
dec_ref = "Torrealba2018MNRAS.475.5085T"
distance = 27.797132677592884
distance_err = 1.3100385030731978
distance_ref = "Torrealba2018MNRAS.475.5085T"
pmra = 3.095
pmra_err = 0.041
pmra_ref = "Pace2022ApJ...940..136P"
pmdec = 1.395
pmdec_err = 0.045
pmdec_ref = "Pace2022ApJ...940..136P"
radial_velocity = 284.6
radial_velocity_err = 3.4
radial_velocity_ref = "Li2018ApJ...857..145L"
sigma_v = 5.6
sigma_v_err = 4.3
sigma_v_ref = "Li2018ApJ...857..145L"
PA = 150.0
PA_err = 14.0
PA_ref = "Torrealba2018MNRAS.475.5085T"
ellipticity = 0.55
ellipticity_err = 0.18
ellipticity_ref = "Torrealba2018MNRAS.475.5085T"
Mv = -2.3999999999999986
Mv_err = 0.2
pmra_gsr = 2.6954879117615786
pmdec_gsr = 1.1057866487065173
radial_velocity_gsr = 47.27638503899493
theta_pm_gsr = -39.64
