ra = 328.539
ra_err = 0.0
ra_ref = "Cerny2023ApJ...942..111C"
dec = 26.62
dec_err = 0.0
dec_ref = "Cerny2023ApJ...942..111C"
distance = 89.94975815300347
distance_err = 1.2513257825875002
distance_ref = "Cerny2023ApJ...942..111C"
pmra = 0.33
pmra_err = 0.07
pmra_ref = "Cerny2023ApJ...942..111C"
pmdec = -0.21
pmdec_err = 0.08
pmdec_ref = "Cerny2023ApJ...942..111C"
radial_velocity = -273.6
radial_velocity_err = 1.6
radial_velocity_ref = "Cerny2023ApJ...942..111C"
sigma_v = 3.3
sigma_v_err = 1.7
sigma_v_ref = "Cerny2023ApJ...942..111C"
PA = 115.0
PA_err = 41.0
PA_ref = "Cerny2023ApJ...942..111C"
ellipticity = nan
ellipticity_err = nan
ellipticity_ref = "Cerny2023ApJ...942..111C"
Mv = -4.25
Mv_err = 0.2
pmra_gsr = 0.2252255546483324
pmdec_gsr = 4.333897999616357e-5
radial_velocity_gsr = -48.81402311384312
theta_pm_gsr = -39.64
