ra = 227.242
ra_err = 0.0
ra_ref = "Munoz2018ApJ...860...66M"
dec = 67.2221
dec_err = 0.0
dec_ref = "Munoz2018ApJ...860...66M"
distance = 70.14552984199713
distance_err = 2.9683785063445924
distance_ref = "Garofalo2024arXiv241012433G"
pmra = -0.12
pmra_err = 0.005
pmra_ref = "Pace2022ApJ...940..136P"
pmdec = 0.071
pmdec_err = 0.005
pmdec_ref = "Pace2022ApJ...940..136P"
radial_velocity = -247.0
radial_velocity_err = 0.4
radial_velocity_ref = "Spencer2018AJ....156..257S"
sigma_v = 8.6
sigma_v_err = 0.3
sigma_v_ref = "Spencer2018AJ....156..257S"
PA = 50.0
PA_err = 1.0
PA_ref = "Munoz2018ApJ...860...66M"
ellipticity = 0.55
ellipticity_err = 0.01
ellipticity_ref = "Munoz2018ApJ...860...66M"
Mv = -8.860000000000001
Mv_err = 0.05
pmra_gsr = 0.3806069522679479
pmdec_gsr = 0.24737513117153706
radial_velocity_gsr = -75.54559065361462
theta_pm_gsr = -39.64
