ra = 336.1074167
ra_err = 0.0
ra_ref = "Richstein2022ApJ...933..217R"
dec = 5.4150472
dec_err = 0.0
dec_ref = "Richstein2022ApJ...933..217R"
distance = 214.7830474130533
distance_err = 12.203437775328808
distance_ref = "Kim2016ApJ...833...16K"
pmra = -0.03
pmra_err = 0.21
pmra_ref = "Pace2022ApJ...940..136P"
pmdec = -0.58
pmdec_err = 0.213
pmdec_ref = "Pace2022ApJ...940..136P"
radial_velocity = -222.9
radial_velocity_err = 2.6
radial_velocity_ref = "Kim2016ApJ...833...16K"
sigma_v = 5.4
sigma_v_err = 3.0
sigma_v_ref = "Kim2016ApJ...833...16K"
PA = 83.0
PA_err = 8.0
PA_ref = "Richstein2022ApJ...933..217R"
ellipticity = 0.37
ellipticity_err = 0.09
ellipticity_ref = "Richstein2022ApJ...933..217R"
Mv = -4.170000000000002
Mv_err = 0.22
pmra_gsr = -0.09430110737538241
pmdec_gsr = -0.4174607585155217
radial_velocity_gsr = -52.98211682283237
theta_pm_gsr = -39.64
