ra = 171.077
ra_em = 0.0
ra_ep = 0.0
ra_ref = "Tan2024arXiv240800865T"
dec = 24.874
dec_em = 0.0
dec_ep = 0.0
dec_ref = "Tan2024arXiv240800865T"
distance = 111.1731727281592
distance_em = 3.5266513651757094
distance_ep = 6.8588908370137744
distance_modulus = 20.23
distance_modulus_em = 0.07
distance_modulus_ep = 0.13
distance_ref = "Tan2024arXiv240800865T"
pmra = -0.05
pmra_em = 0.19
pmra_ep = 0.2
pmra_ref = "Tan2024arXiv240800865T"
pmdec = -0.22
pmdec_em = 0.17
pmdec_ep = 0.22
pmdec_ref = "Tan2024arXiv240800865T"
radial_velocity = 170.75
radial_velocity_em = 1.65
radial_velocity_ep = 1.9
radial_velocity_ref = "Tan2024arXiv240800865T"
sigma_v = 3.6
sigma_v_em = 1.39
sigma_v_ep = 1.99
sigma_v_ref = "Tan2024arXiv240800865T"
position_angle = 63.0
position_angle_em = 13.0
position_angle_ep = 20.0
postiion_angle_ref = "Tan2024arXiv240800865T"
ellipticity = 0.54
ellipticity_em = 0.29
ellipticity_ep = 0.19
ellipticity_ref = "Tan2024arXiv240800865T"
Mv = -3.5599999999999987
Mv_em = 0.37
Mv_ep = 0.47
mv = 16.67
mv_em = 0.37
mv_ep = 0.47
mv_ref = "Tan2024arXiv240800865T"
rh = 4.17
rh_em = 1.33
rh_ep = 1.14
rh_ref = "Tan2024arXiv240800865T"
metallicity = -2.41
metallicity_em = 0.24
metallicity_ep = 0.16
metallicity_ref = "Tan2024arXiv240800865T"
