ra = 185.4286
ra_err = 0.0
ra_ref = "Munoz2018ApJ...860...66M"
dec = -31.9728
dec_err = 0.0
dec_ref = "Munoz2018ApJ...860...66M"
distance = 151.35612484362073
distance_err = 7.864747861496255
distance_ref = "Vivas2016AJ....151..118V"
pmra = -0.394
pmra_err = 0.14
pmra_ref = "Pace2022ApJ...940..136P"
pmdec = 0.0
pmdec_err = 0.104
pmdec_ref = "Pace2022ApJ...940..136P"
radial_velocity = 303.1
radial_velocity_err = 1.4
radial_velocity_ref = "Kirby2015ApJ...810...56K"
sigma_v = nan
sigma_v_err = nan
sigma_v_ref = "Kirby2015ApJ...810...56K"
PA = 16.0
PA_err = 25.0
PA_ref = "Munoz2018ApJ...860...66M"
ellipticity = 0.24
ellipticity_err = 0.16
ellipticity_ref = "Munoz2018ApJ...860...66M"
Mv = -5.099999999999998
Mv_err = 0.22
pmra_gsr = -0.20964791094764584
pmdec_gsr = 0.13861095078685862
radial_velocity_gsr = 121.00294021089478
theta_pm_gsr = -39.64
