pericentre = 42.59327716322621
apocentre = 94.46381777885604
pericentres = [43.49166573335368, 42.59327716322621, 42.334824019682145, 42.104570705387836, 42.08874018325928, 42.126813678408894]
apocentres = [94.46381777885604, 93.80689182403854, 93.23978166857813, 93.06166660004561, 92.86826953983072, 92.76211900277401]
period = 1.5747777685546873
idx_f = 62
idx_peri = 52
t_last_peri = 0.47099350585937483
t_f_gyr = 2.8759888427734372
ra_f = 13.204957231707692
dec_f = -32.08911385586345
distance_f = 81.52360207769759
pmra_f = 0.1339747119689673
pmdec_f = -0.21059927407371223
radial_velocity_f = -0.21059927407371223
theta0 = -38.77023064090618
idx_peris = [18, 52, 86, 119, 152, 185]
idx_apos = [35, 69, 102, 136, 169, 202]
t_peris = [170.0244140625, 510.0732421875, 850.1220703125, 1180.078125, 1510.0341796875, 1839.990234375]
t_apos = [340.048828125, 680.09765625, 1010.0537109375, 1350.1025390625, 1680.05859375, 2010.0146484375]
chi2_best = 250.2523511960669
chi2_best_interp = 250.2523511960669
