r_J = 18.99970801971725
r_J_kpc = 0.3877040696442296
peri = 37.387382149003834
r_break = 25
r_break_kpc = 0.509781585686677
peri_required = 49.793295079996696
rho_mean_host_peri = 0.00018581718341622414
rho_mean_host_required = 9.956888146443e-5
