pericentre = 37.387382149003834
apocentre = 82.96940023227233
pericentres = [37.16488943297571, 37.06035931081868, 37.00866287592703, 37.0812909720246, 37.12930596830297, 37.2930501895224, 37.387382149003834]
apocentres = [82.70731453971489, 82.70209708973817, 82.73372549822724, 82.7691918236275, 82.87328842591498, 82.82569092042745, 82.96940023227233]
period = 1.3634611226399738
idx_peris = [15, 44, 73, 102, 131, 160, 189]
idx_apos = [30, 59, 87, 116, 145, 174, 203]
t_peris = [140.0048828125, 430.107421875, 719.951171875, 1010.0537109375, 1299.8974609375, 1590.0, 1880.1025390625]
t_apos = [290.1025390625, 579.9462890625, 859.9560546875, 1150.05859375, 1439.90234375, 1730.0048828125, 2020.107421875]
idx_f = 209
idx_peri = 189
t_last_peri = 0.9419870117187497
t_f_gyr = 9.806670483398436
ra_f = 228.0748121307858
dec_f = 67.48825564570035
distance_f = 70.14994188628928
pmra_f = -0.11891367989497625
pmdec_f = 0.08179634819629944
radial_velocity_f = 0.08179634819629944
theta0 = 56.833723413877756
chi2_best = 1.9933353017181963
chi2_best_interp = 1.9933353017181963
