n_sersic = 1.4778693400899066
n_sersic_em = 0.05700341625789096
n_sersic_ep = 0.061296467034534174
log_M_s_sersic = 0.6480956492547503
log_M_s_sersic_em = 0.030194372843837636
log_M_s_sersic_ep = 0.028824930181294173
log_R_h_sersic = 1.0275902955141063
log_R_h_sersic_em = 0.013902717860438951
log_R_h_sersic_ep = 0.014058001489060556
"log_σ_sersic" = -1.1998468450324777
"log_σ_sersic_em" = 0.13709767210567847
"log_σ_sersic_ep" = 0.10913010055738104
chi2_sersic = 2.295077783753172
lp_sersic = 25.35400033405102
num_params_sersic = 3
log_M_exp2d = 3.9205281166078354
log_M_exp2d_em = 0.03809808777386792
log_M_exp2d_ep = 0.0387595191697967
log_R_s_exp2d = 0.9077148040616565
log_R_s_exp2d_em = 0.016433675504194056
log_R_s_exp2d_ep = 0.017216082498487495
"log_σ_exp2d" = -0.6836397890608943
"log_σ_exp2d_em" = 0.06243583938312702
"log_σ_exp2d_ep" = 0.0640703767278028
chi2_exp2d = 10.466432375573387
lp_exp2d = 0.22644352470261397
num_params_exp2d = 2
log_M_plummer = 3.8628093367149967
log_M_plummer_em = 0.010835555376925043
log_M_plummer_ep = 0.010893131387022859
log_R_s_plummer = 0.9924455375752371
log_R_s_plummer_em = 0.009512719587899787
log_R_s_plummer_ep = 0.00923978882099219
"log_σ_plummer" = -2.025383167465569
"log_σ_plummer_em" = 0.6437216464077453
"log_σ_plummer_ep" = 0.44126850014873176
chi2_plummer = 1.430472173706996
lp_plummer = 33.20301541709965
num_params_plummer = 2
log_M_king = 3.8590010240794634
log_M_king_em = 0.020866309051404297
log_M_king_ep = 0.020446704570081575
log_R_s_king = 0.6635993705427468
log_R_s_king_em = 0.028203431288737035
log_R_s_king_ep = 0.02954300574285529
c_king = 22.8730489113901
c_king_em = 1.5869088102500548
c_king_ep = 1.6732261619463067
"log_σ_king" = -1.0349964150178108
"log_σ_king_em" = 0.08860895993231188
"log_σ_king_ep" = 0.08628684065337566
chi2_king = 3.5994845783758196
lp_king = 17.295524008257807
num_params_king = 3
