distance_err = [4.7470841503167485, 6.4, 1.5463424408996391, 3.830413720467048, 1.9535109974381941]
pmra_studies = ["this", "MV20", "MV20a", "Pace+22", "Battaglia+22", "Tolstoy+23"]
ra_studies = ["this", "Muñoz+18"]
ra_err = [0.0034, 0.00125]
dec_studies = ["this", "Muñoz+18"]
dec_err = [0.0018, 0.0007222222222222223]
pmra = [0.111299, 0.081, 0.099, 0.1, 0.099, 0.097]
distance = [85.90135215053961, 80.0, 83.9459986519398, 83.17637711026717, 83.17637711026717]
radial_velocity_studies = ["this", "Battaglia+08", "Kirby+09", "Walker+09", "Tolstoy+23"]
ra = [15.0209, 15.0183]
pmra_err = [0.0078, 0.005, 0.002, 0.002, 0.002, 0.006]
pmdec_err = [0.00586, 0.004, 0.002, 0.002, 0.002, 0.004]
distance_studies = ["Pietryznski+08", "Tully+13", "Martínez-Vázquez+15", "Garofalo+18", "Tran+22"]
dec = [-33.7127, -33.7186]
radial_velocity = [111.03, 110.5, 111.6, 111.4, 111.2]
radial_velocity_err = [0.23, 0.5, 0.5, 0.1, 0.25]
pmdec = [-0.148202, -0.136, -0.16, -0.158, -0.159, -0.148]
pmdec_studies = ["this", "MV20", "MV20a", "Pace+22", "Battaglia+22", "Tolstoy+23"]
