r_h = 1.0549095033612137
r_h_err = 0.012319062081661662
chi2_sersic = 7.633386973348815
M_sersic = 6242.49453912718
M_sersic_err = 145.4599260035178
n_sersic = 1.434023220705348
n_sersic_err = 0.02374130134105251
r_s_exp = 0.7497698093341089
r_s_exp_err = 0.00523929610571947
chi2_exp = 30.282384160466226
M_exp = 7619.129055060692
M_exp_err = 131.86773354326928
r_s_king = 0.453847842614779
r_s_king_err = 0.01071254674925388
c_king = 21.92500454297518
c_king_err = 0.5653497551816217
chi2_king = 0.5653497551816217
M_king = 7558.156300027042
M_king_err = 363.91659721463856
