r_h = 10.662845019116775
r_h_err = 0.13262904789743502
chi2_sersic = 11.307487409395277
M_sersic = 6056.159489933927
M_sersic_err = 147.0608401809247
n_sersic = 1.6283691847667194
n_sersic_err = 0.026929587191530713
r_s_exp = 8.331967240252183
r_s_exp_err = 0.05375356377176155
chi2_exp = 54.790018539378686
M_exp = 8200.48267620011
M_exp_err = 132.7321837432786
r_s_king = 4.270090577162877
r_s_king_err = 0.102816616028865
c_king = 25.33602255416165
c_king_err = 0.6851235484535516
chi2_king = 0.6851235484535516
M_king = 7691.202048664788
M_king_err = 377.5744429459489
