break_radius_arcmin = 96.819589471631
break_radius_kpc = 2.1674275449584277
