n_sersic = 0.9102065698735048
n_sersic_em = 0.21648344129767394
n_sersic_ep = 0.2306905362990036
log_M_s_sersic = 0.48230609020907067
log_M_s_sersic_em = 0.08189112222189454
log_M_s_sersic_ep = 0.06746885613732534
log_R_h_sersic = 0.8752812274808988
log_R_h_sersic_em = 0.02883385211760303
log_R_h_sersic_ep = 0.03619879449246799
log_Sigma_bg_sersic = -2.178264168663844
log_Sigma_bg_sersic_em = 4.3334849761426195
log_Sigma_bg_sersic_ep = 0.4557828391516159
"log_σ_sersic" = -1.9194447946483015
"log_σ_sersic_em" = 0.5870337432772501
"log_σ_sersic_ep" = 0.47572210324710396
chi2_sersic = 0.20452184828654435
lp_sersic = 12.264409163145634
num_params_sersic = 4
log_M_exp2d = 3.3121405311270626
log_M_exp2d_em = 0.029399197175049352
log_M_exp2d_ep = 0.030375466250212924
log_R_s_exp2d = 0.6798097500322262
log_R_s_exp2d_em = 0.02267703243025032
log_R_s_exp2d_ep = 0.024433677475207194
"log_σ_exp2d" = -1.9158817664519427
"log_σ_exp2d_em" = 0.6469687576718173
"log_σ_exp2d_ep" = 0.45958306351939426
chi2_exp2d = 0.33896155579152976
lp_exp2d = 14.1655487755941
num_params_exp2d = 2
log_M_exp2d_inner = 3.3200400837245105
log_M_exp2d_inner_em = 0.03584852632576929
log_M_exp2d_inner_ep = 0.037753231211299365
log_R_s_exp2d_inner = 0.6744810029673107
log_R_s_exp2d_inner_em = 0.04204166777672269
log_R_s_exp2d_inner_ep = 0.045398503523392586
"log_σ_exp2d_inner" = -1.9109226359900497
"log_σ_exp2d_inner_em" = 0.6792808534608947
"log_σ_exp2d_inner_ep" = 0.4674711127431834
chi2_exp2d_inner = 0.19291423305325164
lp_exp2d_inner = 12.371040576117075
num_params_exp2d_inner = 2
log_M_plummer = 3.337408324006227
log_M_plummer_em = 0.030471210082262612
log_M_plummer_ep = 0.02950633517226464
log_R_s_plummer = 0.9104140325273599
log_R_s_plummer_em = 0.030354087981552147
log_R_s_plummer_ep = 0.029413979463410178
"log_σ_plummer" = -1.9485328495622707
"log_σ_plummer_em" = 0.6577973857442958
"log_σ_plummer_ep" = 0.4803116546132027
chi2_plummer = 0.1804585790851526
lp_plummer = 15.951665023143835
num_params_plummer = 2
log_M_king = 3.3201719075933367
log_M_king_em = 0.03140942327360374
log_M_king_ep = 0.030754196165505565
log_R_s_king = 0.6885919807594865
log_R_s_king_em = 0.05463452240205713
log_R_s_king_ep = 0.05495278270384607
c_king = 9.228988981862724
c_king_em = 1.555832814755087
c_king_ep = 1.9762344827038962
"log_σ_king" = -1.891491002614055
"log_σ_king_em" = 0.6752691676783376
"log_σ_king_ep" = 0.45850868138069023
chi2_king = 0.3866454352224186
lp_king = 13.915048053190631
num_params_king = 3
