pericentre = 38.89439905273968
apocentre = 187.66237095959792
time_last_peri = -70.42501221299462
Lx_i = 60.560282403376995
Ly_i = -5.2880928405355805
Lz_i = -4.117315329764551
E_i = -0.9309304003643175
period = nan
dt = -212.00000000000003
peri_apo_max_err = 0.0015163039904493303
pericentre_lmc = 20.112343381401754
apocentre_lmc = 190.33916708645188
time_last_peri_lmc = -21.541768441621883
period_lmc = nan
ra = 15.0183
dec = -33.7186
distance = 73.1
pmra = 0.136
pmdec = -0.156
radial_velocity = 111.2
x = -5.658462292527257
y = -8.303173291926276
z = -72.56431160337577
v_x = 7.718020763222965
v_y = 162.23758150060837
v_z = -94.8486671170725
orbit_name = "smallperilmc"
x_i = 4.56321907043457
y_i = 138.7324981689453
z_i = 126.2918701171875
v_x_i = 0.032914953958332945
v_y_i = -0.27489449731869087
v_z_i = 0.24990664843538113
idx_i = 1
t_i = -424.0
ra_err = 0.0012
dec_err = 0.0007
distance_err = 2
pmra_err = 0.017
pmdec_err = 0.017
radial_velocity_err = 0.3
