t_last_peri = 0.4627464160156256
apocentre = 97.48630515340905
period = 1.7410986523437497
theta0 = -40.09502393544204
pericentre = 50.95273007394088
idx_peri = 1687
ra0 = 15.859946279303488
idx_f = 1785
dec0 = -34.57150403832738
