break_radius_arcmin = 88.6044937976126
break_radius_kpc = 1.982078703241545
