theta0 = 50.17522226168013
idx_peris = [16, 46, 74, 103, 131, 160, 188, 243]
t_last_peri = 0.9432072021484377
apocentre = [83.87914308068835, 82.53391813203588, 82.12137021269739, 82.03814945470006, 81.71704564730888, 81.51918625656175, 81.33534878249175]
period = 1.3455884615384615
pericentre = 36.802257378683834
idx_peri = 188
idx_f = 208
idx_apos = [31, 60, 89, 117, 145, 174, 202]
t_peris = [150.09765625, 450.0341796875, 730.0439453125, 1019.8876953125, 1299.8974609375, 1590.0, 1870.009765625, 2150.01953125]
dec0 = 63.65327224753011
distance_f = 68.080367033177
ra0 = 221.59603507107886
t_apos = [299.9365234375, 590.0390625, 879.8828125, 1159.892578125, 1439.90234375, 1730.0048828125, 2010.0146484375]
