pericentre = 30.70985097952037
apocentre = 298.67573314526373
pericentres = [30.34487323904678, 31.33833254466304, 30.70985097952037]
apocentres = [299.17746411129013, 298.67573314526373]
period = 786.71875
idx_peris = [40, 118, 197]
idx_apos = [79, 158]
t_peris = [389.9951171875, 1169.9853515625, 1960.068359375]
t_apos = [779.990234375, 1570.0732421875]
