pericentre = 18.05758104452752
apocentre = 149.38132452588778
n_peris = 5
time_last_peri = -34.176844162188566
Lx_f = 35.47681490542948
Ly_f = -10.582834512332454
Lz_f = -0.800347697546286
E_f = -1.1670600818393488
period = -451.0307767464582
period_apo = -451.5486077186126
dt = -1059.9999999999998
peri_apo_max_err = 0.1566240637743057
x_i = 17.696523666381836
y_i = 68.05406188964844
z_i = -131.78985595703125
v_x_i = 0.06636358052492142
v_y_i = 0.20998269319534302
v_z_i = 0.1150885671377182
ra = 209.47
dec = 26.68
distance = 55.5
pmra = -1.17
pmdec = -0.88
radial_velocity = 187.9
x = 3.6367521495449817
y = 8.13428362489656
z = 53.64743334721782
v_x = -23.140294957154296
v_y = -97.40059950021967
v_z = 262.1741553708774
orbit_name = "largeperi"
idx_i = 55
t_i = -2064.074255007328
ra_err = 0.11
dec_err = 0.06
distance_err = 4.257334903760167
pmra_err = 0.03
pmdec_err = 0.02
radial_velocity_err = 2
