lastmodel = "1e5_new_v31_r3.2/L3M11_9Gyr_smallperi.2/"
x_i = 159.22369384765625
y_i = -255.02279663085938
z_i = 141.70201110839844
v_x_i = -7.46005392074585
v_y_i = -2.236156463623047
v_z_i = -26.25345802307129
t_match = 0.0
ra = 15.0183
ra_err = 0
dec = -33.7186
dec_err = 0
pmra = 0.14
pmra_err = 0.017
pmdec = -0.151
pmdec_err = 0.017
distance = 86.0
distance_err = 2
radial_velocity = 111.2
radial_velocity_err = 0.3
