lastmodel = "1e5_new_v31_r3.2/L3M11_9Gyr_smallperi.2/"
x_i = 159.44448852539062
y_i = -252.39572143554688
z_i = 145.97267150878906
v_x_i = -6.793647766113282
v_y_i = -3.864335298538208
v_z_i = -25.402362823486328
t_match = 0.0
ra = 15.0183
ra_err = 0
dec = -33.7186
dec_err = 0
pmra = 0.14
pmra_err = 0.017
pmdec = -0.151
pmdec_err = 0.017
distance = 86.0
distance_err = 2
radial_velocity = 111.2
radial_velocity_err = 0.3
