pericentre = 44.2398677143105
apocentre = 287.156112064789
pericentres = [15.739920682835018, 44.2398677143105]
apocentres = [287.156112064789]
period = 5.8936786303710935
idx_f = 194
idx_peri = 185
t_last_peri = 0.37796895019531246
t_f_gyr = 0.052739853515625
ra_f = 16.077843727508814
dec_f = -31.20810963854284
distance_f = 83.30542640043821
pmra_f = 0.11720648314293464
pmdec_f = -0.14529925824721815
radial_velocity_f = -0.14529925824721815
theta0 = -36.924304357706454
idx_peris = [60, 185]
idx_apos = [104]
t_peris = [-1318.96240234375, -68.9775390625]
t_apos = [-878.99755859375]
