lastmodel = "L3M11_9Gyr_smallperi"
x_i = 76.47160339355469
y_i = -335.7177734375
z_i = 125.42681121826172
v_x_i = -3.974712610244751
v_y_i = 25.180461883544922
v_z_i = -24.238542556762695
dJ_R = 24.42
dJ_z = 0.94
dJ_phi = -0.59
dtheta_R = -0.047
dtheta_z = -0.001
dtheta_phi = 0.014
J_R = 91.68611128003396
J_z = 22.18376127565156
J_phi = 2.8505719713579887
theta_R = 3.858029477806068
theta_z = 3.2307172137570204
theta_phi = 5.067214626183385
time_adjust = -1379.084716796875
time_measure = -1278.880859375
ra = 15.0183
ra_err = 0
dec = -33.7186
dec_err = 0
pmra = 0.14
pmra_err = 0.017
pmdec = -0.151
pmdec_err = 0.017
distance = 86.0
distance_err = 2
radial_velocity = 111.2
radial_velocity_err = 0.3
