# combination of isolation and run scalings
v_scale = 0.383661711322172
M_scale = 0.4764556247522605
r_scale = 3.236872098546572
