ra = 101.17999999999999
ra_em = 0.0
ra_ep = 0.0
ra_ref = "MV2020"
dec = -59.89694444444444
dec_em = 0.0
dec_ep = 0.0
dec_ref = "MV2020"
distance = 45.70880290185209
distance_em = 3.050866126508218
distance_ep = 2.5970602703537153
distance_modulus = 18.299999237060547
distance_modulus_em = 0.15000000596046448
distance_modulus_ep = 0.11999999731779099
distance_ref = "MV2020"
pmra = 1.1699999570846558
pmra_em = 0.07999999821186066
pmra_ep = 0.10000000149011612
pmra_ref = "MV2020"
pmdec = 1.1200000047683716
pmdec_em = 0.07000000029802322
pmdec_ep = 0.07000000029802322
pmdec_ref = "MV2020"
radial_velocity = nan
radial_velocity_em = nan
radial_velocity_ep = nan
radial_velocity_ref = "MV2020"
sigma_v = nan
sigma_v_em = nan
sigma_v_ep = nan
sigma_v_ref = "MV2020"
position_angle = 14.0
position_angle_em = 66.0
position_angle_ep = 60.0
postiion_angle_ref = "MV2020"
ellipticity = 0.12999999523162842
ellipticity_em = 0.12999999523162842
ellipticity_ep = 0.2199999988079071
ellipticity_ref = "MV2020"
Mv = -3.1999988555908203
Mv_em = 0.6200000047683716
Mv_ep = 0.550000011920929
mv = 15.100000381469727
mv_em = 0.5
mv_ep = 0.4000000059604645
mv_ref = "MV2020"
r_h = 3.799999952316284
r_h_em = 1.0
r_h_ep = 1.5
r_h_ref = "MV2020"
metallicity = -1.7999999523162842
metallicity_em = 0.30000001192092896
metallicity_ep = 0.30000001192092896
metallicity_ref = "MV2020"
pmra_gsr = nan
pmdec_gsr = nan
radial_velocity_gsr = nan
theta_pm_gsr = -39.64
MV2020_references = "(239)(266)(267)"
