lastmodel = "L3M11_9Gyr_smallperi.3b/orbit_0"
x_i = 157.1173095703125
y_i = -253.73684692382812
z_i = 141.47695922851562
v_x_i = -6.82312297821045
v_y_i = -3.3091909885406494
v_z_i = -26.985807418823242
dx = 3.3027861942003858
dv = 0.002655435105525952
ra = 15.0183
ra_err = 0
dec = -33.7186
dec_err = 0
pmra = 0.14
pmra_err = 0.017
pmdec = -0.151
pmdec_err = 0.017
distance = 86.0
distance_err = 2
radial_velocity = 111.2
radial_velocity_err = 0.3
