idx_peris = [15, 40, 66, 91, 116, 141, 166, 190]
idx_apos = [28, 53, 78, 103, 128, 153, 178, 203]
t_peris = [140.0048828125, 389.9951171875, 650.078125, 900.068359375, 1150.05859375, 1400.048828125, 1650.0390625, 1889.9365234375]
t_apos = [269.9169921875, 519.9072265625, 769.8974609375, 1019.8876953125, 1269.8779296875, 1520.126953125, 1770.1171875, 2020.107421875]
