v_scale = 0.9999999999999999
M_scale = 0.5328596802841917
r_scale = 0.5328596802841918

[profile]
r_circ_max = 3
V_circ_max = 0.153194
