v_scale = 1.1330535138451898
M_scale = 1.6190147217019921
r_scale = 1.2611012433392539

[profile]
r_circ_max = 7.1
V_circ_max = 0.173577
