v_scale = 1.3218990299881197
M_scale = 2.684752654250897
r_scale = 1.5364120781527533

[profile]
r_circ_max = 8.65
V_circ_max = 0.202507
