v_scale = 1.3218990299881195
M_scale = 0.6207520587863344
r_scale = 0.3552397868561279

[profile]
r_circ_max = 2
V_circ_max = 0.202507
