v_scale = 1.3218990299881195
M_scale = 1.551880146965836
r_scale = 0.8880994671403197

[profile]
r_circ_max = 5
V_circ_max = 0.202507
