v_scale = 1.5736908756217605
M_scale = 4.74318499950972
r_scale = 1.9152753108348137

[profile]
r_circ_max = 10.783
V_circ_max = 0.24108
