theta0 = -36.99488025145084
idx_peris = [174]
t_last_peri = 0.32465906054687493
apocentre = []
period = nan
pericentre = 38.871008963166865
idx_peri = 174
idx_f = 209
idx_apos = []
t_peris = [-68.856640625]
dec0 = -33.70904614221238
distance_f = 71.08719302921146
ra0 = 14.899528975704763
t_apos = []
