log_Sigma = -0.6529342979497867
log_Sigma_err = 0.0040365882383508935
log_R_bg = [1.4733852232066078, 1.573385223206608, 1.673385223206608, 1.7733852232066079, 1.873385223206608, 1.973385223206608, 2.073385223206608]
n_points_bg = 7
n_points_skip = 2
