log_Sigma = -1.1506935302676442
log_Sigma_err = 0.007514820269651647
log_R_bg = [1.7615543117858938, 1.8115543117858937, 1.861554311785894, 1.9115543117858937, 1.961554311785894, 2.011554311785894, 2.0615543117858937, 2.1115543117858935]
n_points_bg = 8
n_points_skip = 1
