log_Sigma = -1.9314139682756224
log_Sigma_err = 0.017599888179208545
log_R_bg = [2.392441011127284]
n_points_bg = 1
n_points_skip = 0
