log_Sigma = -1.9436409647450832
log_Sigma_err = 0.02942635395664661
log_R_bg = [2.073385223206608]
n_points_bg = 1
n_points_skip = 2
