log_Sigma = -0.05655505440400837
log_Sigma_err = 0.011870389257848788
log_R_bg = [1.85, 1.95, 2.05]
n_points_bg = 3
n_points_skip = 4
