log_Sigma = -0.5007449921454656
log_Sigma_err = 0.0042786839908216705
log_R_bg = [2.03800405222196, 2.08800405222196, 2.1380040522219597]
n_points_bg = 3
n_points_skip = 1
