log_Sigma = -3.2426480861211737
log_Sigma_err = 0.06157597803394891
log_R_bg = [1.973385223206608, 2.073385223206608, 2.173385223206608, 2.273385223206608]
n_points_bg = 4
n_points_skip = 0
