log_Sigma = -2.660574028941497
log_Sigma_err = 0.07177573808061812
log_R_bg = [1.873385223206608, 1.973385223206608]
n_points_bg = 2
n_points_skip = 3
