log_Sigma = -2.6196599273296712
log_Sigma_err = 0.03528264393342357
log_R_bg = [1.873385223206608, 1.973385223206608, 2.073385223206608, 2.173385223206608]
n_points_bg = 4
n_points_skip = 1
