log_Sigma = -1.9279304582852237
log_Sigma_err = 0.0204165496786734
log_R_bg = [1.873385223206608, 1.973385223206608, 2.073385223206608]
n_points_bg = 3
n_points_skip = 2
