log_Sigma = -0.9798102151862879
log_Sigma_err = 0.006290797748839387
log_R_bg = [1.7515997488866648, 1.801599748886665, 1.851599748886665, 1.9015997488866652, 1.951599748886665, 2.0015997488866653, 2.051599748886665, 2.101599748886665]
n_points_bg = 8
n_points_skip = 1
