pericentre = 27.33732467203231
apocentre = 68.11074730642704
pericentres = [29.94891107415457, 28.573408730903896, 28.357876027863565, 28.20374782173174, 27.657285761266973, 27.646300890755523, 27.26329769356093, 27.33732467203231, 27.494327931529465]
apocentres = [72.44417647038827, 71.31669823445691, 70.53050702517916, 69.70436795802115, 69.39565734992054, 68.98261086188234, 68.33179157324055, 68.11074730642704, 67.98484401101823]
period = 1.06972569732666
idx_peris = [13, 37, 61, 83, 106, 129, 151, 173, 195]
idx_apos = [25, 49, 72, 95, 117, 140, 162, 184, 206]
t_peris = [120.078125, 359.9755859375, 599.873046875, 820.1025390625, 1049.9072265625, 1279.970703125, 1499.94140625, 1719.912109375, 1939.8828125]
t_apos = [239.8974609375, 480.0537109375, 710.1171875, 939.921875, 1159.892578125, 1389.9560546875, 1609.9267578125, 1829.8974609375, 2050.126953125]
idx_f = 190
idx_peri = 173
t_last_peri = 0.8016651123046881
t_f_gyr = 8.911050708007812
ra_f = 227.66656365975578
dec_f = 65.33117378906024
distance_f = 51.88824904081286
pmra_f = -0.11839129817376479
pmdec_f = 0.07268893571828289
radial_velocity_f = 0.07268893571828289
theta0 = 59.441422350700726
chi2_best = 137.3693129977775
chi2_best_interp = 137.3693129977775
