position_err = 0.5831116023404084
ellipticity = 0.3700000047683716
ellipticity_err = 0.05999999865889549
position_angle = 82.0
position_angle_err = 7.0
bins = [0.24705082386015215, 1.1389182638847044, 1.7568485325882233, 2.71073916480967, 4.135369982028423, 4.807866173256788, 5.394514572208278, 6.57662343580383, 7.379092861966683, 8.722791697518895, 9.787133257648152, 10.981344129793719, 12.32127076666909, 13.82469318065402, 15.51156087375632, 17.40425755538288, 19.52789816056397, 21.910662109882143, 24.584167233262562, 27.58388931936624, 30.94963285775175, 34.726059220267885, 38.96327929032342, 43.71751840386439, 49.05186242542157, 55.037094859204075, 61.752636103194696, 69.28759730957815, 77.74196283558976, 95.05295390062071]
