pericentre = 43.383908080994864
apocentre = 95.08943417143664
pericentres = [47.332447385871696, 44.864359221529554, 44.14776664368865, 43.915292628930594, 43.71014167380371, 43.383908080994864]
apocentres = [103.90731236450517, 98.83154172699626, 96.94647521394513, 96.26677384546025, 95.84466429116743, 95.08943417143664, 95.00278758659398]
period = 1.6373846302379256
idx_f = 204
idx_peri = 194
t_last_peri = 0.47099350585937394
t_f_gyr = 9.571173730468749
ra_f = 13.646668802697288
dec_f = -32.48903010035178
distance_f = 82.31233446229881
pmra_f = 0.1283661307969333
pmdec_f = -0.20455201875916984
radial_velocity_f = -0.20455201875916984
theta0 = -39.271595972864226
idx_peris = [21, 57, 92, 126, 160, 194]
idx_apos = [2, 39, 74, 109, 143, 177, 211]
t_peris = [200.0439453125, 560.01953125, 909.90234375, 1249.951171875, 1590.0, 1930.048828125]
t_apos = [10.0927734375, 379.90234375, 730.0439453125, 1079.9267578125, 1419.9755859375, 1760.0244140625, 2100.0732421875]
chi2_best = 153.29270582346166
chi2_best_interp = 153.29270582346166
