position_err = 2.203788021375509
ellipticity = 0.54
ellipticity_err = 0.14
position_angle = 65.0
position_angle_err = 9.0
bins = [0.23176427236394892, 1.880676984155197, 3.082712019247821, 4.195089705907495, 5.179687355038834, 6.227353889400726, 7.486926103002911, 9.001264978249145, 10.821900749916226, 13.01078638658379, 15.642405738994096, 18.806308091847914, 22.610155365286413, 27.18338565685794, 32.68161778772941, 39.29194673194689, 47.23931012270164, 56.794142476386526, 81.36562064289032]
