lastmodel = "orbit_smallperi.2"
dJ_R = 0.0
dJ_z = 0.06
dJ_phi = 0.0
dtheta_R = -0.12
dtheta_z = 0.03
dtheta_phi = -0.04
J_R = 6.735767733345101
J_z = 61.99422912898333
J_phi = -3.0314458403150866
theta_R = 3.02038498767438
theta_z = 2.0586497510999795
theta_phi = 5.631843159505102
x_i = -4.474837779998779
y_i = -52.76287841796875
z_i = 89.27249145507812
v_x_i = -21.509088438749313
v_y_i = -113.11237988471986
v_z_i = -60.30799614191056
ra = 15.0183
ra_err = 0
dec = -33.7186
dec_err = 0
pmra = 0.134
pmra_err = 0.017
pmdec = -0.198
pmdec_err = 0.017
distance = 82.6
distance_err = 2
radial_velocity = 111.2
radial_velocity_err = 0.3
