pericentre = 29.671082410243596
apocentre = [77.16462069867372, 75.99073390434233, 75.07702382351445, 74.94965548116922, 74.4985209596513, 74.42524969797742, 74.24319324382724, 74.09232443456014]
period = 1.1661766666666666
idx_f = 205
idx_peri = 187
t_last_peri = 0.8492525390624994
t_f_gyr = 0.04535245885632323
ra_f = 231.2979253339677
dec_f = 68.1885616498842
distance_f = 60.30095591732702
pmra_f = -0.12214980430112832
pmdec_f = 0.08511975392643172
radial_velocity_f = 0.08511975392643172
theta0 = 62.028114485951946
idx_peris = [14, 40, 65, 90, 114, 139, 163, 187, 212]
idx_apos = [27, 52, 77, 102, 126, 151, 175, 200]
t_peris = [129.912109375, 389.9951171875, 639.9853515625, 889.9755859375, 1129.873046875, 1380.1220703125, 1620.01953125, 1859.9169921875, 2109.9072265625]
t_apos = [260.0830078125, 510.0732421875, 760.0634765625, 1010.0537109375, 1249.951171875, 1499.94140625, 1740.09765625, 1990.087890625]
