break_radius_arcmin = 109.02756563950766
break_radius_kpc = 2.598379374654807
