theta0 = -38.451052078239
idx_peris = [471]
t_last_peri = 0.38726069837774046
apocentre = []
period = nan
pericentre = 28.51393966587887
idx_peri = 471
idx_f = 512
idx_apos = []
t_peris = [-97.00619486328122]
dec0 = -26.892037663103938
distance_f = 90.45018118923069
ra0 = 13.07430890889473
t_apos = []
