lastmodel = "1e5_new_v31_r3.2/L3M11_9Gyr_smallperi.1"
x_i = 159.45982360839844
y_i = -252.45452880859375
z_i = 145.97607421875
v_x_i = -6.9834699630737305
v_y_i = -3.892345666885376
v_z_i = -25.197813034057617
ra = 15.0183
ra_err = 0
dec = -33.7186
dec_err = 0
pmra = 0.14
pmra_err = 0.017
pmdec = -0.151
pmdec_err = 0.017
distance = 86.0
distance_err = 2
radial_velocity = 111.2
radial_velocity_err = 0.3
