pericentre = 47.52736406288053
apocentre = [268.12781178994305]
period = 4.291705579833984
idx_f = 178
idx_peri = 154
t_last_peri = 1.131709356689453
t_f_gyr = -0.0030876327491333004
ra_f = 17.012286817404693
dec_f = -34.42012716083154
distance_f = 175.2575272985048
pmra_f = 0.1354487993490477
pmdec_f = -0.15832091350366329
radial_velocity_f = -0.15832091350366329
theta0 = -32.44811749795141
idx_peris = [59, 154]
idx_apos = [100, 187]
t_peris = [-1329.2158203125, -378.910400390625]
t_apos = [-919.0791015625, -48.936767578125]
