pericentre = 17.875563833098358
apocentre = 144.19568996349633
pericentres = [19.448696314186964, 19.67994781592533, 17.576024284586133, 19.26848820962839, 17.875563833098358]
apocentres = [145.8850018761883, 145.46418166105084, 144.7099534264879, 144.19568996349633]
period = 2.047479541015625
idx_peris = [24, 68, 111, 155, 198]
idx_apos = [46, 89, 133, 176]
t_peris = [230.0634765625, 670.0048828125, 1100.1123046875, 1540.0537109375, 1969.90234375]
t_apos = [450.0341796875, 879.8828125, 1320.0830078125, 1749.931640625]
idx_f = 201
idx_peri = 198
t_last_peri = 0.1415420898437496
t_f_gyr = 9.429631640624999
ra_f = 211.56668925786312
dec_f = 27.57842338669332
distance_f = 54.10956679868725
pmra_f = -1.2052290545471216
pmdec_f = -0.8701188737548543
radial_velocity_f = -0.8701188737548543
theta0 = -108.11121768360893
chi2_best = 3.911243141159771
chi2_best_interp = 2.297062817656974
