pericentre = 29.63729086952601
apocentre = 74.73123151044457
pericentres = [29.970828846363176, 29.645672697188523, 29.783754563332806, 29.99908062090145, 29.70895319547729, 29.684024866091093, 30.073441494148025, 29.63729086952601, 29.70701096097909]
apocentres = [74.86325549714387, 74.77755926980142, 74.8535027627392, 74.87549122273614, 74.7753910041413, 74.85482642507324, 74.74954686670844, 74.73123151044457]
period = 1.163004171549479
idx_peris = [13, 38, 63, 87, 112, 137, 161, 186, 211]
idx_apos = [26, 50, 75, 100, 124, 149, 174, 198]
t_peris = [120.078125, 370.068359375, 620.05859375, 859.9560546875, 1109.9462890625, 1359.9365234375, 1600.0927734375, 1850.0830078125, 2100.0732421875]
t_apos = [249.990234375, 489.8876953125, 739.8779296875, 990.126953125, 1230.0244140625, 1480.0146484375, 1730.0048828125, 1969.90234375]
idx_f = 203
idx_peri = 186
t_last_peri = 0.8016651123046863
t_f_gyr = 9.524806494140623
ra_f = 226.12476935421765
dec_f = 66.94702806439615
distance_f = 64.87168681269223
pmra_f = -0.1651961623457945
pmdec_f = 0.0440534813324974
radial_velocity_f = 0.0440534813324974
theta0 = 56.73630300910217
chi2_best = 4.114398042721557
chi2_best_interp = 4.114398042721557
