position_err = 3.633679798949425
ellipticity = 0.25
ellipticity_err = 0.019999999552965164
position_angle = 7.0
position_angle_err = 3.0
bins = [0.3985677941262059, 4.37911060322234, 6.1287365634899995, 7.6944487214926385, 9.381462676854396, 11.088955312220829, 12.442012499241562, 13.960167632804728, 15.663565709155863, 17.5748097858443, 19.719260910564046, 22.1253746468482, 24.82507866210847, 27.854196388383603, 31.252922377517507, 35.06635565844144, 39.34509817388738, 44.14592623742413, 49.532543920643114, 55.57642836748411, 62.35777825250832, 69.96657796858398, 78.50379166510842, 88.08270298092832, 103.75789977456274]
