f_sat_cen = 0.4531941923895848
PSAT = 0.2
num_per_bin = 40
bin_width = 0.05

[centring_error]
xi_sys = -0.23554940901984803
xi_stat = 0.7403723938671799
eta_stat = 1.205235233782301
counts = 252
eta_sys = 1.8061184706872062
