position_err = 2.366453694569241
ellipticity = 0.25
ellipticity_err = 0.019999999552965164
position_angle = 7.0
position_angle_err = 3.0
bins = [0.3985677941262059, 3.054215311378545, 4.142098267936929, 5.0923817451339515, 5.86963147228366, 6.654226588032247, 7.4661650308789715, 8.377174947510195, 9.399344886022522, 10.546238420466054, 11.833074131231303, 13.276927546364696, 14.896957723451278, 16.7146614786685, 18.754158636476202, 21.04251208503285, 23.610086884278946, 26.490953191833725, 29.723338353286945, 33.35013415584929, 37.41946597630914, 41.985331375543296, 47.10831661334282, 52.85640059127042, 59.30585689138263, 66.54226588032259, 74.66165030878985, 83.7717494751021, 103.75789977456274]
