lastmodel = "orbit_smallperi.1"
dJ_R = 0.33
dJ_z = 1.87
dJ_phi = -0.56
dtheta_R = 0.0
dtheta_z = 0.0
dtheta_phi = 0.0
J_R = 7.065927228199189
J_z = 37.972828991577494
J_phi = -9.228193562230047
theta_R = 3.1676557911283822
theta_z = 2.8765076343044984
theta_phi = 2.0095387511410365
x_i = -17.37580108642578
y_i = 74.39392852783203
z_i = 21.34192657470703
v_x_i = 17.323887400329113
v_y_i = 35.97735152542591
v_z_i = -117.42061221599579
ra = 227.24200143381887
ra_err = 0
dec = 67.22210065639148
dec_err = 0
pmra = -0.15799998096803758
pmra_err = 0.017
pmdec = 0.050000021950772085
pmdec_err = 0.017
distance = 64.60000075808816
distance_err = 3.6
radial_velocity = -245.75000505449756
radial_velocity_err = 1.0
