pericentre = 27.881026338529416
apocentre = [72.07253638262992, 71.41578268508756, 71.03065290365463, 70.76705271804204, 70.53144223488115, 70.48981205472845, 70.29437884971463, 70.50149582749702]
period = 1.0873421966552734
idx_f = 192
idx_peri = 175
t_last_peri = 0.8016651123046863
ra_f = 223.20515400179082
dec_f = 64.36222966332127
distance_f = 55.2575271975486
pmra_f = -0.1595309800318074
pmdec_f = 0.03421334957646841
radial_velocity_f = 0.03421334957646841
theta0 = 55.28699270318668
idx_peris = [13, 37, 60, 83, 106, 129, 152, 175, 198]
idx_apos = [25, 49, 72, 95, 118, 141, 163, 186, 209]
t_peris = [120.078125, 359.9755859375, 590.0390625, 820.1025390625, 1049.9072265625, 1279.970703125, 1510.0341796875, 1740.09765625, 1969.90234375]
t_apos = [239.8974609375, 480.0537109375, 710.1171875, 939.921875, 1169.9853515625, 1400.048828125, 1620.01953125, 1850.0830078125, 2079.8876953125]
