break_radius_arcmin = 86.82003604763398
break_radius_kpc = 1.7953017115079861
