log_Sigma = -1.662888794349873
log_Sigma_err = 0.008337752594312537
log_R_bg = [1.8057520004717238, 1.8557520004717238, 1.9057520004717239, 1.955752000471724, 2.0057520004717238, 2.055752000471724, 2.105752000471724, 2.1557520004717237, 2.2057520004717235, 2.2557520004717238, 2.305752000471724]
n_points_bg = 11
n_points_skip = 0
