position_err = 25.154144706181388
ellipticity = 0.3799999952316284
ellipticity_err = 0.07999999821186066
position_angle = 156.0
position_angle_err = 6.0
bins = [0.2974760218225883, 7.234230806903685, 10.205782048252773, 12.463209035796558, 14.404108272046644, 16.16681316680222, 18.13946272040406, 20.352811923415853, 22.83623057500963, 25.622672131855545, 28.749110980470558, 32.25703306486318, 36.19298637980512, 40.60919863444096, 45.56427028225685, 51.123952113494724, 57.362017728190956, 64.36124246702664, 72.21450178980713, 81.02600367638578, 90.91267140324359, 102.00569504432964, 114.45227228363615, 128.41756163903284, 144.08687401545467, 161.6681316680221, 181.39462720404043, 203.52811923415823, 228.36230575009586, 256.22672131855484, 287.4911098047047, 322.57033064863066, 380.3936020439599]
