position_err = 25.154144706181388
ellipticity = 0.3799999952316284
ellipticity_err = 0.07999999821186066
position_angle = 156.0
position_angle_err = 6.0
bins = [0.2974760218225883, 0.8904768000545465, 1.4677248870607016, 1.8440454804576347, 2.211968408452758, 2.4818693746169376, 2.7847032394870768, 3.12448842445896, 3.5057336724958197, 3.9334978764081057, 4.413457207287479, 4.951980433848558, 5.556213432120326, 6.2341740068794556, 6.994858283048366, 7.848360078807214, 8.806004844428507, 9.880499944121276, 11.086103275033588, 12.438812460885122, 13.95657713071433, 15.659537099550226, 17.5702896115216, 19.71418919155731, 22.11968408452761, 24.818693746169412, 27.847032394870812, 31.244884244589656, 35.05733672495826, 39.33497876408113, 44.13457207287487, 49.51980433848567, 55.56213432120336, 62.34174006879467, 69.94858283048379, 78.48360078807228, 88.06004844428523, 98.80499944121294, 110.86103275033612, 124.38812460885143, 139.56577130714345, 156.59537099550232, 175.70289611521596, 197.141891915573, 221.1968408452759, 248.18693746169373, 278.4703239487076, 312.44884244589576, 380.3936020439599]
