r_h = 14.912433697544168
r_h_err = 0.7007421807383527
chi2_sersic = 1.3039167102224254
M_sersic = 251.12857959146572
M_sersic_err = 27.734308736437995
n_sersic = 1.1437771457104613
n_sersic_err = 0.12553604094492102
r_s_exp = 9.105139605221249
r_s_exp_err = 0.35090330310924733
chi2_exp = 1.3405684588735776
M_exp = 269.6121419548367
M_exp_err = 26.947757947393228
r_s_king = 8.408360694403322
r_s_king_err = 1.0854947791213085
c_king = 9.720848730266464
c_king_err = 1.9433612695865377
chi2_king = 1.9433612695865377
M_king = 263.89125102072506
M_king_err = 68.75494755802265
