"N per bin" = 24
"min binwidth" = 0.05
bins = [0.47945957984254506, 3.5913546554926286, 4.98272852922853, 5.626476828266464, 6.724916022595426, 7.545479880983029, 8.466167673027142, 9.499196366351166, 10.658273624084163, 11.958779697222301, 13.417971511215068, 15.055211654881314, 16.89222531019884, 18.95338853226981, 21.26605170476193, 23.860902462882617, 26.772372899653472, 30.039096458864964, 33.704420577403255, 37.8169818794013, 42.431351554691204, 47.60875948533784, 53.41790672897271, 59.93587714008842, 67.2491602259544, 75.45479880983045, 84.6616767302716, 94.99196366351185, 106.5827362408418, 119.58779697222313, 134.17971511215075, 150.55211654881313, 168.9222531019883, 189.53388532269787, 212.66051704761898, 260.7929243773915]
pos_err = 0.017192445903230984
position_angle = 0.0
ellipticity = 0.05000000074505806
