n_sersic = 0.7828264184333479
n_sersic_em = 0.5741354641942115
n_sersic_ep = 1.3072174216967496
log_M_s_sersic = 2.7875945556711503
log_M_s_sersic_em = 3.5789462263160505
log_M_s_sersic_ep = 2.2274101537629942
log_R_h_sersic = -0.18051043776107464
log_R_h_sersic_em = 0.9140187226971237
log_R_h_sersic_ep = 1.3083430037053934
log_Sigma_bg_sersic = -4.5532446872496255
log_Sigma_bg_sersic_em = 2.051362290700549
log_Sigma_bg_sersic_ep = 2.0757218514437628
"log_σ_sersic" = -1.5320995172038832
"log_σ_sersic_em" = 0.7548892362418063
"log_σ_sersic_ep" = 0.5496366790977163
chi2_sersic = 6.901279432648183
lp_sersic = -10.661512879875012
num_params_sersic = 4
log_M_exp2d = 2.6516565870268645
log_M_exp2d_em = 0.12269008042022067
log_M_exp2d_ep = 0.2079016305041188
log_R_s_exp2d = 1.11194669876519
log_R_s_exp2d_em = 0.15589338164481825
log_R_s_exp2d_ep = 0.2420074607539695
"log_σ_exp2d" = -1.6185807655171498
"log_σ_exp2d_em" = 0.780194010622604
"log_σ_exp2d_ep" = 0.5492709585324813
chi2_exp2d = 0.16706473694846066
lp_exp2d = -4.9188189017883
num_params_exp2d = 2
log_M_exp2d_inner = 2.67422400184849
log_M_exp2d_inner_em = 0.13771551178100871
log_M_exp2d_inner_ep = 0.2914575094245615
log_R_s_exp2d_inner = 1.1372249961992038
log_R_s_exp2d_inner_em = 0.17760924391499033
log_R_s_exp2d_inner_ep = 0.2984227251810805
"log_σ_exp2d_inner" = -1.6129012537283463
"log_σ_exp2d_inner_em" = 0.7084734727769737
"log_σ_exp2d_inner_ep" = 0.5635186425002563
chi2_exp2d_inner = 0.17738365554514707
lp_exp2d_inner = -4.5729504840707405
num_params_exp2d_inner = 2
log_M_plummer = 2.665527269193694
log_M_plummer_em = 0.112807053567054
log_M_plummer_ep = 0.15067263864746483
log_R_s_plummer = 1.3472181884524224
log_R_s_plummer_em = 0.15028757802369697
log_R_s_plummer_ep = 0.17845490091951755
"log_σ_plummer" = -1.5864121400565376
"log_σ_plummer_em" = 0.7642203819678084
"log_σ_plummer_ep" = 0.5247833375906732
chi2_plummer = 0.1539662320839664
lp_plummer = -5.216670566346091
num_params_plummer = 2
log_M_king = 2.671250930850551
log_M_king_em = 0.11998587764243807
log_M_king_ep = 0.16684102896512965
log_R_s_king = 1.1183641178354984
log_R_s_king_em = 0.19474104637942302
log_R_s_king_ep = 0.2119027497268291
c_king = 10.091024172566133
c_king_em = 2.836738513867286
c_king_ep = 3.5901235939171094
"log_σ_king" = -1.598161597067689
"log_σ_king_em" = 0.7530856498175857
"log_σ_king_ep" = 0.5415282768807885
chi2_king = 0.18290286687283447
lp_king = -4.920862061248655
num_params_king = 3
