r_h = 15.089603514424574
r_h_err = 0.08121265946309188
chi2_sersic = 17.698962451854122
M_sersic = 25635.498052613933
M_sersic_err = 283.2168449256284
n_sersic = 1.0368597380720566
n_sersic_err = 0.009240498980225298
r_s_exp = 9.102662638532877
r_s_exp_err = 0.039573630668336614
chi2_exp = 17.751884648720846
M_exp = 26030.993577904697
M_exp_err = 274.370059367309
r_s_king = 8.507413985275818
r_s_king_err = 0.1020887207156403
c_king = 12.360740774777938
c_king_err = 0.1630564236368614
chi2_king = 0.1630564236368614
M_king = 27082.78618363024
M_king_err = 664.6307470127903
