pericentre = 3.235992827467053
apocentre = 339.5371726048431
time_last_peri = -83.0
Lx_i = 66.37116636750602
Ly_i = -3.862303974074359
Lz_i = -3.619111376987378
E_i = -0.7979535844605825
period = -1245.0
dt = -954.4999999999998
peri_apo_max_err = 0.8674831192233374
pericentre_lmc = 29.803067292491743
apocentre_lmc = 663.6441592185728
time_last_peri_lmc = -24.247191011235955
period_lmc = -670.5280898876404
ra = 15.0183
dec = -33.7186
distance = 86.0
pmra = 0.14
pmdec = -0.151
radial_velocity = 111.2
x = -5.223725044245776
y = -9.768439166972092
z = -85.37344894514796
v_x = 3.65287246690108
v_y = 150.5222079934009
v_z = -93.64648892048858
orbit_name = "smallperi"
x_i = 68.54021453857422
y_i = -313.53350830078125
z_i = 110.8353271484375
v_x_i = -0.0008947900141676459
v_y_i = 0.053814144925418216
v_z_i = -0.08427454397556522
idx_i = 1
t_i = -1909.0
ra_err = 0.0012
dec_err = 0.0007
distance_err = 2
pmra_err = 0.017
pmdec_err = 0.017
radial_velocity_err = 0.3
