theta0 = -8.996378541212817
idx_peris = [184]
t_last_peri = 0.22917110156249998
apocentre = [143.29031128425882]
period = nan
pericentre = 39.1514819376218
idx_peri = 184
idx_f = 209
idx_apos = [47]
t_peris = [-48.6046875]
dec0 = -33.772882210569534
distance_f = 56.98844671224651
ra0 = 15.044446755826591
t_apos = [-322.8161328125]
