theta0 = -18.073714172297233
idx_peris = [450]
t_last_peri = 0.5376532026021057
apocentre = []
period = nan
pericentre = 7.263819492875057
idx_peri = 450
idx_f = 507
idx_apos = []
t_peris = [-139.003394699707]
dec0 = -13.103567758689854
distance_f = 127.07740858206377
ra0 = 29.723815103588564
t_apos = []
