ra = 354.347
ra_err = 0.0
ra_ref = "Simon2020ApJ...892..137S"
dec = -63.266
dec_err = 0.0
dec_ref = "Simon2020ApJ...892..137S"
distance = 54.954087385762485
distance_err = 5.580000089628875
distance_ref = "Simon2020ApJ...892..137S"
pmra = -0.14
pmra_err = 0.05
pmra_ref = "Battaglia2022A&A...657A..54B"
pmdec = -1.18
pmdec_err = 0.06
pmdec_ref = "Battaglia2022A&A...657A..54B"
radial_velocity = -34.7
radial_velocity_err = 0.9
radial_velocity_ref = "Hansen2024ApJ...968...21H"
sigma_v = 1.2
sigma_v_err = 0.9
sigma_v_ref = "Hansen2024ApJ...968...21H"
PA = 29.0
PA_err = 11.0
PA_ref = "Simon2020ApJ...892..137S"
ellipticity = 0.51
ellipticity_err = 0.18
ellipticity_ref = "Simon2020ApJ...892..137S"
Mv = -1.0999999999999979
Mv_err = 0.6
pmra_gsr = -0.5631631262905056
pmdec_gsr = -0.4381185083438628
radial_velocity_gsr = -139.78168476683246
theta_pm_gsr = -39.64
