position_err = 4.664825700332967
ellipticity = 0.38999998569488525
ellipticity_err = 0.10000000149011612
position_angle = 27.0
position_angle_err = 9.0
bins = [0.749994053337183, 4.442806548049957, 6.993330820481009, 9.329998816737193, 11.260849951290181, 12.634881456472952, 14.176570162080322, 15.9063733405607, 17.847244429125876, 20.024937607917145, 22.468349542328458, 25.209902824199606, 28.285976199911147, 31.737387294246435, 35.60993423547316, 39.95500336868017, 44.83025112135627, 50.30036906915303, 56.43794235378938, 63.324412843782085, 71.05115981855978, 79.72071251598223, 93.6806067815252]
