pericentre = 40.3256282865505
apocentre = 88.72787892484324
pericentres = [43.35159475894078, 41.10891521955891, 40.68931729522727, 40.50257871224244, 40.51777288571127, 40.3256282865505, 40.281203397635274]
apocentres = [91.22768451186245, 89.87678685409243, 89.37447654485193, 89.13065346391554, 88.72787892484324, 88.65218485778718]
period = 1.4874121337890622
idx_f = 187
idx_peri = 177
t_last_peri = 0.4709935058593757
t_f_gyr = 8.769508618164062
ra_f = 18.787567956599368
dec_f = -37.2332920405078
distance_f = 80.7612242882457
pmra_f = 0.15126664579731325
pmdec_f = -0.20022592497080555
radial_velocity_f = -0.20022592497080555
theta0 = -40.93661267263626
idx_peris = [18, 51, 83, 114, 146, 177, 208]
idx_apos = [35, 67, 98, 130, 161, 192]
t_peris = [170.0244140625, 499.98046875, 820.1025390625, 1129.873046875, 1449.9951171875, 1760.0244140625, 2070.0537109375]
t_apos = [340.048828125, 659.912109375, 969.94140625, 1290.0634765625, 1600.0927734375, 1910.1220703125]
chi2_best = 171.02214216251343
chi2_best_interp = 171.02214216251343
