position_err = 19.570932001722404
ellipticity = 0.33
ellipticity_err = 0.09
position_angle = -81.0
position_angle_err = 8.0
bins = [0.5934514881269882, 15.497348025368048, 21.294589102827253, 25.312531449751535, 29.387391258725014, 32.97319531608168, 36.996533641946705, 41.51079349146764, 46.575876350144526, 52.25899279014854, 58.63555431377993, 65.79017401828618, 73.81778936025466, 82.82492191798087, 92.93109086809372, 104.27039893241383, 116.99331183959602, 131.26865491393107, 147.28585328482671, 165.25744544318698, 185.42190349805563, 208.0467975566161, 245.9263340609779]
