position_err = 19.570932001722404
ellipticity = 0.33
ellipticity_err = 0.09
position_angle = -81.0
position_angle_err = 8.0
bins = [0.5934514881269882, 15.497348025368048, 21.294589102827253, 25.601727128120736, 30.780045990919362, 37.00575459077064, 44.490702620663605, 53.48958943196359, 64.30863099633726, 77.31597988583125, 92.9542528443302, 111.7555922411727, 134.35977392116766, 161.5359776286561, 194.2089608140873, 245.9263340609779]
