position_err = 41.255605250702445
ellipticity = 0.33
ellipticity_err = 0.09
position_angle = -81.0
position_angle_err = 8.0
bins = [0.5934514881269882, 3.936471991156581, 5.673055462847486, 7.3437451112944965, 8.239817538562253, 9.43099097010643, 10.581745910814593, 11.872914190668313, 13.321628828273509, 14.94711338668392, 16.77093705840328, 18.81730087546517, 21.113358842424415, 23.689578253499736, 26.580143975057183, 29.823412058017308, 33.46241869934712, 37.54545130624658, 42.12668924070442, 47.266922746714336, 53.03435959987874, 59.50553018315045, 66.7663029985173, 74.91302408985294, 84.05379549638255, 94.3099097010645, 105.81745910814615, 118.72914190668331, 133.21628828273523, 149.4711338668393, 167.7093705840328, 188.1730087546516, 211.13358842424392, 245.9263340609779]
