f_sat_cen = 0.0872624961302375
PSAT = 0.2
num_per_bin = 160
bin_width = 0.08

[centring_error]
xi_sys = 9.961406153442109
xi_stat = 6.174996065609588
eta_stat = 4.613866160184672
counts = 123
eta_sys = -2.179930397815566
