position_err = 19.116299456908855
ellipticity = 0.43
ellipticity_err = 0.12
position_angle = 93.0
position_angle_err = 10.0
bins = [0.41249559035184435, 6.218924174193597, 7.980555705002992, 10.046924377267182, 12.648328408915946, 15.923302050702373, 20.046249591303397, 25.236733021660292, 31.771164511633145, 39.997526365988, 50.35390235104951, 63.3918072527383, 79.80555705003006, 100.46924377267197, 126.48328408915965, 159.23302050702398, 219.21820457990975]
