[DistributionFunction]
type            = "DoublePowerLaw"
mass            = 0.9650927971520475
J0              = 0.8903157662805267
slopeIn         = 1.4608584502728121
slopeOut        = 2.9668273196678814
steepness       = 0.5683163968493935
coefJrIn        = 0.8451866562620318
coefJrOut       = 0.7531361981579657
Jcutoff         = 2.4047363175784366
cutoffStrength  = 19.999998805195272
coefJzIn        = 1.6633262991844242
coefJzOut       = 1.6868099528871272
