[DistributionFunction]
type            = "DoublePowerLaw"
mass            = 1.9301675729865009
J0              = 0.9225324146162474
slopeIn         = 1.3580606520235035
slopeOut        = 2.9327862859601437
steepness       = 0.7357895440179805
coefJrIn        = 1.630518352707705
coefJrOut       = 1.1347553174797917
Jcutoff         = 4.930320905154912
cutoffStrength  = 13.032368070092895
coefJzIn        = 0.6847408236461475
coefJzOut       = 0.9326223412601041
