position_err = 1.6417711888838113
ellipticity = 0.17000000178813934
ellipticity_err = 0.12999999523162842
position_angle = 29.0
position_angle_err = 25.0
bins = [0.08389084890730528, 1.3875120707337794, 1.8026438904081112, 2.524489397685347, 3.2057764357986813, 3.5969403213324944, 4.0358334195578935, 4.528279575232555, 5.080813249649585, 5.700766228968763, 6.396364912564365, 7.176839472346783, 8.052546331535858, 9.035105588104809, 10.13755520642039, 11.37452402310863, 12.762425862828898, 14.319677339754683, 16.0669422348544, 18.027405691710275, 20.22708186928718, 22.695159134016873, 25.4643873716867, 28.571512558526354, 32.05776435798688, 35.969403213325016, 40.35833419557902, 45.28279575232565, 50.80813249649594, 57.007662289687744, 63.963649125643784, 71.76839472346798, 80.52546331535873, 90.35105588104828, 109.28924270651882]
