[mean]
ra_median = 227.2420233125679
ra_sem = 1.4215774659111931e-5
dec_median = 67.22209796602183
dec_sem = 5.055895094159341e-6
distance_median = 70.14234379416999
distance_sem = 0.011288841122178787
pmra_median = -0.12400140684140805
pmra_sem = 5.372471830419542e-5
pmdec_median = 0.07795439452546563
pmdec_sem = 5.3723278420511554e-5
radial_velocity_median = -245.89880120135186
radial_velocity_sem = 0.0031691503296830533
ra_relative_residual = 0.005180570648614473
dec_relative_residual = -0.0012712363517408676
distance_relative_residual = 0.01176216504722068
pmra_relative_residual = -8.275537694410636e-5
pmdec_relative_residual = -0.0026826749726102496
radial_velocity_relative_residual = 0.0011987986481472035
pericentre = 36.96508327261721
quantile = 0.5
n_samples = 100000

[smallperi]
ra_median = 227.24227679177673
ra_sem = 0.0002782928384110633
dec_median = 67.22237696412027
dec_sem = 9.64310816144777e-5
distance_median = 64.28384268719627
distance_sem = 0.19108569339739012
pmra_median = -0.15857605843392086
pmra_sem = 0.000804376626484218
pmdec_median = 0.05200851589929934
pmdec_sem = 0.000856948556258942
radial_velocity_median = -246.074333850153
radial_velocity_sem = 0.06259770264697655
ra_relative_residual = 0.06150928372032165
dec_relative_residual = 0.1731025751716686
distance_relative_residual = -1.6155992535565902
pmra_relative_residual = -2.033885790230639
pmdec_relative_residual = -1.5289108294529798
radial_velocity_relative_residual = -0.17433385015300473
pericentre = 29.74033687750849
quantile = 0.001349898031630093
n_samples = 270

[largeperi]
ra_median = 227.2419209527423
ra_sem = 0.0002760337829746083
dec_median = 67.2221256298904
dec_sem = 0.00010130876563365058
distance_median = 78.05320177694462
distance_sem = 0.16188257469020595
pmra_median = -0.09487872423959978
pmra_sem = 0.0007991087848574464
pmdec_median = 0.10223971139275093
pmdec_sem = 0.000969367977800759
radial_velocity_median = -245.7495042793721
radial_velocity_sem = 0.05978623885874377
ra_relative_residual = -0.017566057263391284
dec_relative_residual = 0.016018681501250853
distance_relative_residual = 2.209222715817951
pmra_relative_residual = 1.7130162212000126
pmdec_relative_residual = 1.425865376044172
radial_velocity_relative_residual = 0.15049572062790162
pericentre = 46.81031330441337
quantile = 0.9986501019683699
n_samples = 270
