pericentre = 60.24426640135973
idx_peri = 47
t_last_peri = 6.155441732006836
delta_v_peri = 341.49213373581136
