pericentre = 12.90673181955004
apocentre = [740.5699702879698]
period = nan
idx_f = 178
idx_peri = 55
t_last_peri = 5.777458185571288
t_f_gyr = 0.0
ra_f = 339.7474709819906
dec_f = -0.6960522403069422
distance_f = 741.7977685274519
pmra_f = 0.019094903168355142
pmdec_f = -0.05173028220786693
radial_velocity_f = -0.05173028220786693
theta0 = -85.1100555815695
idx_peris = [55]
idx_apos = [175]
t_peris = [-1225.3357763671875]
t_apos = [-25.429057617187482]
