break_radius_arcmin = 4061.5101178419022
break_radius_kpc = 6.256210106730002
