pericentre = 49.887958451900616
apocentre = [296.67319794862226]
period = 5.845333764648437
idx_f = 192
idx_peri = 184
t_last_peri = 0.3735739624023437
t_f_gyr = 0.0
ra_f = 24.917557404517115
dec_f = -47.39095943426744
distance_f = 85.28172050606426
pmra_f = 0.09078872281400396
pmdec_f = -0.10748127605421694
radial_velocity_f = -0.10748127605421694
theta0 = -46.1637475496166
idx_peris = [60, 184]
idx_apos = [106]
t_peris = [-1318.96240234375, -79.23095703125]
t_apos = [-858.956787109375]
