break_radius_kpc = 2.842647381750205
break_radius_arcmin = 120.68796956394277
r_h_i = 0.2933898648861834
r_h_f = 0.3491070343810824
boundmass_i = 1.0
boundmass_f = 0.9998924682279811
velocity_dispersion_f = 9.597612353819281
velocity_dispersion_i = 10.748669707968482
