pericentre = 19.365236862545625
apocentre = 145.93325193124204
pericentres = [19.647628951951823, 19.365236862545625, 17.445987370239013]
apocentres = [145.93325193124204, 144.8996775447868]
period = 2.043005509440104
idx_peris = [24, 67, 111]
idx_apos = [46, 89]
t_peris = [230.0634765625, 659.912109375, 1100.1123046875]
t_apos = [450.0341796875, 879.8828125]
idx_f = 71
idx_peri = 67
t_last_peri = 0.18912951660156274
t_f_gyr = 3.3006151123046874
ra_f = 208.38352072420858
dec_f = 26.317950402279614
distance_f = 57.04968240007489
pmra_f = -1.1027723677724304
pmdec_f = -0.8544645533055965
radial_velocity_f = -0.8544645533055965
theta0 = -110.21233422816547
chi2_best = 1.5413404705845153
chi2_best_interp = 0.28460450243617086
