pericentre = 9.884765554904796
apocentre = 92.70976393657025
pericentres = [8.410606845760288, 12.21267286870041, 11.622004368815006, 9.884765554904796]
apocentres = [93.99968061141121, 92.76371603398705, 92.70976393657025, 92.75307866084418]
period = 1.1787039550781246
idx_peris = [14, 40, 64, 89]
idx_apos = [27, 52, 77, 102]
t_peris = [129.912109375, 389.9951171875, 629.892578125, 879.8828125]
t_apos = [260.0830078125, 510.0732421875, 760.0634765625, 1010.0537109375]
idx_f = 92
idx_peri = 89
t_last_peri = 0.1415420898437505
t_f_gyr = 4.29018955078125
ra_f = 212.11718070126113
dec_f = 27.73384001239958
distance_f = 44.45954963982141
pmra_f = -1.2295768566135041
pmdec_f = -0.876042126665378
radial_velocity_f = -0.876042126665378
theta0 = -95.95197693484324
chi2_best = 6.72735668601338
chi2_best_interp = 6.706489292171677
