sigma_los = 5.855149737491579
dec = -33.73932549911554
r_b = 295.30069517417076
pm_ra = 0.36070071613139815
ra = 15.013230664659691
pm_dec = -0.47461972460588747
