r_h = 0.8415007335570399
r_h_err = 6.414910238476158e6
chi2_sersic = -4.8768138774696715e-29
M_sersic = 8.13058507483334
M_sersic_err = 1.313862536782393e8
n_sersic = 10.085734930511007
n_sersic_err = 2.727306960268324e8
r_s_exp = 0.41056277755422144
r_s_exp_err = 0.0820627849881662
chi2_exp = +inf
M_exp = 11.677946167220016
M_exp_err = 6.56137579680729
