lastmodel = "1e5_new_v31_r3.2/L3M11_9Gyr_smallperi.3b/"
x_i = 88.74736785888672
y_i = -290.2724914550781
z_i = 151.37461853027344
v_x_i = 3.448018074035645
v_y_i = -2.2001180648803715
v_z_i = -22.077680587768555
t_match = 0.0
method = "forwards"
ra = 15.0183
ra_err = 0
dec = -33.7186
dec_err = 0
pmra = 0.14
pmra_err = 0.017
pmdec = -0.151
pmdec_err = 0.017
distance = 86.0
distance_err = 2
radial_velocity = 111.2
radial_velocity_err = 0.3
