ra = 342.9795833333334
ra_em = 0.0
ra_ep = 0.0
ra_ref = "MV2020"
dec = -58.56888888888889
dec_em = 0.0
dec_ep = 0.0
dec_ref = "MV2020"
distance = 57.54397351583251
distance_em = 5.063246001810846
distance_ep = 5.551738850314351
distance_modulus = 18.799999237060547
distance_modulus_em = 0.20000000298023224
distance_modulus_ep = 0.20000000298023224
distance_ref = "MV2020"
pmra = 0.8999999761581421
pmra_em = 0.019999999552965164
pmra_ep = 0.019999999552965164
pmra_ref = "MV2020"
pmdec = -1.2599999904632568
pmdec_em = 0.019999999552965164
pmdec_ep = 0.019999999552965164
pmdec_ref = "MV2020"
radial_velocity = -129.10000610351562
radial_velocity_em = 3.5
radial_velocity_ep = 3.5
radial_velocity_ref = "MV2020"
sigma_v = 3.8
sigma_v_em = 0.7
sigma_v_ep = 1.1
sigma_v_ref = "Chiti2023AJ....165...55C"
position_angle = 107.0
position_angle_em = 18.0
position_angle_ep = 18.0
postiion_angle_ref = "MV2020"
ellipticity = 0.38999998569488525
ellipticity_em = 0.20000000298023224
ellipticity_ep = 0.10000000149011612
ellipticity_ref = "MV2020"
Mv = -3.799999237060547
Mv_em = 0.30000001192092896
Mv_ep = 0.30000001192092896
mv = 15.0
mv_em = 0.10000000149011612
mv_ep = 0.10000000149011612
mv_ref = "MV2020"
r_h = 9.829999923706055
r_h_em = 1.1100000143051147
r_h_ep = 1.659999966621399
r_h_ref = "MV2020"
metallicity = -2.2300000190734863
metallicity_em = 0.11999999731779099
metallicity_ep = 0.18000000715255737
metallicity_ref = "MV2020"
pmra_gsr = 0.5943705585350433
pmdec_gsr = -0.46206965771311026
radial_velocity_gsr = -207.95421223098677
theta_pm_gsr = -39.64
MV2020_references = "(226)(227)(252)(266)(267)"
