r_h = 11.590111550170112
r_h_err = 1.5601125799698559
chi2_sersic = 2.9990617365649443
M_sersic = 47.49259517334962
M_sersic_err = 11.258157220638685
n_sersic = 1.7480607048663108
n_sersic_err = 0.4482860452366515
r_s_exp = 8.727574522671045
r_s_exp_err = 0.4136875168450632
chi2_exp = 4.091685091673718
M_exp = 75.65339599039146
M_exp_err = 13.477501987794424
r_s_king = 4.861199174001212
r_s_king_err = 1.3718260646707676
c_king = 18.7837121337725
c_king_err = 7.199946124733792
chi2_king = 7.199946124733792
M_king = 59.12342569890674
M_king_err = 31.404093007045745
