distance = 86.58000003225986
dec = -33.71859983998557
pmdec_err = 0.002
distance_err = 2.0
pmra = 0.09725999762538697
radial_velocity = 111.38999756593483
ra = 15.018299959685892
pmdec = -0.15849999894451383
radial_velocity_err = 0.2
pmra_err = 0.002
