name = "smallperi"
ra = 15.009999956648453
dec = -33.72000002658152
distance = 57.00999999830762
pmra = 0.43000001938309035
pmdec = -0.008000010206754482
radial_velocity = 111.38000020463697
distance_err = 20.0
pmra_err = 0.17
pmdec_err = 0.17
radial_velocity_err = 2.0
pericentre = 39.14991539088907
apocentre = 143.29285782269295
t_apo_i = 1.9555933999999997
r_i = 57.29256424204548
x_i = -6.194230556488037
y_i = -6.472881317138672
z_i = -56.587730407714844
v_x_i = -78.50454980731011
v_y_i = 166.37551757097245
v_z_i = -98.44370090961456
