break_radius_arcmin = 86.24569516651209
break_radius_kpc = 1.7828772512979472
