pericentre = 18.642819763846617
apocentre = 95.61162000831999
pericentres = [19.97556474909465, 18.80213787127164, 18.69555339177829, 18.642819763846617]
apocentres = [96.5588914092056, 95.75805985389968, 95.61162000831999]
period = 1.4259145361328123
idx_peris = [41, 117, 192, 268]
idx_apos = [79, 155, 230]
t_peris = [159.931640625, 464.0087890625, 763.9453125, 1068.0224609375]
t_apos = [312.099609375, 615.91796875, 916.11328125]
