lastmodel = "orbit_smallperi.1"
dJ = [0.03, 0.0, 0.2]
"dθ" = [-0.15, 0.0, 0.0]
Ji = [7.199143015265391, 39.4892023670405, -8.931135127630114]
"Θi" = [3.018092465314047, 2.8576907852440945, 2.0367536708548197]
position_i = [-17.76369857788086, 77.23706817626953, 18.5279541015625]
velocity_i = [0.0718703418970108, 0.1902802288532257, -0.5635331869125366]
ra = 227.24200187512724
dec = 67.22209990383536
pmra = -0.15999997243923866
pmra_err = 0.017
pmdec = 0.05100001075131097
pmdec_err = 0.017
distance = 65.91700157076238
distance_err = 2.9
radial_velocity = -245.2580037810815
radial_velocity_err = 1.0
