pericentre = 9.807560313501229
apocentre = 95.06883662711213
pericentres = [9.049759686224075, 11.257347217945833, 10.907613336885886, 9.731368818818664, 7.425130206569987, 7.414521654228644, 10.237826260245413, 9.807560313501229]
apocentres = [96.69168418554341, 96.09999668928106, 95.71020622880475, 95.61964814740628, 95.5749395412547, 95.26567484027888, 95.06883662711213, 95.16378199285953]
period = 258.56724330357144
idx_peris = [14, 40, 66, 92, 118, 144, 170, 195]
idx_apos = [27, 53, 79, 105, 131, 157, 182, 208]
t_peris = [129.912109375, 389.9951171875, 650.078125, 909.90234375, 1169.9853515625, 1430.068359375, 1689.892578125, 1939.8828125]
t_apos = [260.0830078125, 519.9072265625, 779.990234375, 1040.0732421875, 1299.8974609375, 1559.98046875, 1809.970703125, 2070.0537109375]
idx_f = 198
idx_peri = 195
t_last_peri = 30.01953125
t_f_gyr = 9.28808955078125
ra_f = 212.17073957953477
dec_f = 27.79663023318512
distance_f = 44.860229602245425
pmra_f = -1.2229839149290078
pmdec_f = -0.8733392536055599
radial_velocity_f = -0.8733392536055599
theta0 = -96.61620154326614
chi2_best = 5.547313234971436
chi2_best_interp = 5.4489224155378855
