position_err = 4.267000096501732
ellipticity = 0.3400000035762787
ellipticity_err = 0.07000000029802322
position_angle = 170.0
position_angle_err = 9.0
bins = [0.48545048800256974, 4.01929807789743, 5.59580412325572, 6.818979534451209, 7.827008839533126, 8.882947604660284, 9.966831141026262, 11.182968471142962, 12.547496998499419, 14.078523187614845, 15.79636282582196, 17.723810601421754, 19.886442575347992, 22.312955559956713, 25.035547908291033, 28.090346766663462, 31.5178874599379, 35.36365137066276, 39.67866944938454, 44.52019936435699, 49.95248527601109, 56.04761031793156, 62.88645309624435, 70.55976089958102, 79.16935386046401, 97.43609057871807]
