f_sat_cen = 0.07652084380640121
PSAT = 0.2
num_per_bin = 144
bin_width = 0.05

[centring_error]
xi_sys = -0.5773689230096806
xi_stat = 0.6687494628751175
eta_stat = 0.9679617508324627
counts = 69
eta_sys = -2.2513901551104
