ra = 173.2405
ra_err = 0.0
ra_ref = "Munoz2018ApJ...860...66M"
dec = -0.5453
dec_err = 0.0
dec_ref = "Munoz2018ApJ...860...66M"
distance = 151.35612484362073
distance_err = 4.24043831688644
distance_ref = "Medina2018ApJ...855...43M"
pmra = -0.1921
pmra_err = 0.0514
pmra_ref = "Julio2024A&A...687A.212J"
pmdec = -0.0686
pmdec_err = 0.0523
pmdec_ref = "Julio2024A&A...687A.212J"
radial_velocity = 131.6
radial_velocity_err = 1.2
radial_velocity_ref = "Jenkins2021ApJ...920...92J"
sigma_v = 3.4
sigma_v_err = 1.3
sigma_v_ref = "Jenkins2021ApJ...920...92J"
PA = -28.0
PA_err = 38.0
PA_ref = "Munoz2018ApJ...860...66M"
ellipticity = 0.17
ellipticity_err = 0.09
ellipticity_ref = "Munoz2018ApJ...860...66M"
Mv = -4.949999999999999
Mv_err = 0.26
pmra_gsr = -0.04186071621145938
pmdec_gsr = 0.18166995572849706
radial_velocity_gsr = 2.443698239756944
theta_pm_gsr = -39.64
