r_h = 2.536322385474518
r_h_err = 0.11266949331122128
chi2_sersic = 2.598010936259483
M_sersic = 419.848117501976
M_sersic_err = 34.87201339561386
n_sersic = 0.8909608202580742
n_sersic_err = 0.07638500247161478
r_s_exp = 1.4474368771632227
r_s_exp_err = 0.047958952501169834
chi2_exp = 2.556827711480447
M_exp = 397.87014677310026
M_exp_err = 34.178035481074836
r_s_king = 1.9002842257400863
r_s_king_err = 0.21733810841382256
c_king = 6.216585848008448
c_king_err = 0.8563308941297221
chi2_king = 0.8563308941297221
M_king = 400.9891572821938
M_king_err = 91.35386996691221
