break_radius_arcmin = 115.00429910030512
break_radius_kpc = 2.722422937630371
