position_err = 0.4237739041471181
ellipticity = 0.46000000834465027
ellipticity_err = 0.10999999940395355
position_angle = 10.0
position_angle_err = 11.0
bins = [0.21685636035677658, 0.6885996098253261, 1.449638033553791, 2.277439749661306, 3.98330454239312, 5.126375380203168, 6.802653242922678, 8.0374066521771, 9.01811858847207, 10.118495479349239, 11.353138657600837, 12.738431088077162, 14.292754759676416, 16.036734603169165, 17.99351217149868, 20.18905271412852, 22.652489720127342, 25.416511501868396, 28.517794949074457, 31.997492208860866, 35.90177674972519, 40.28245605542083, 45.19765907879005, 50.71260757765113, 56.900481567898154, 63.84339037785046, 71.63346218915262, 87.92191767842579]
