[mean]
ra_median = 227.24193591144768
ra_sem = 4.481926432825971e-5
dec_median = 67.22212000230836
dec_sem = 1.6067335338354328e-5
distance_median = 70.16805427481694
distance_sem = 0.03574581989824349
pmra_median = -0.12409383436656919
pmra_sem = 0.00016848128400119577
pmdec_median = 0.07807264962597579
pmdec_sem = 0.00016825039159246922
radial_velocity_median = -245.92014479795333
radial_velocity_sem = 0.009878897045747882
ra_relative_residual = -0.014241900512641022
dec_relative_residual = 0.012501442725465495
distance_relative_residual = 0.01890396522692899
pmra_relative_residual = -0.0055196686217172134
pmdec_relative_residual = 0.004273507410340768
radial_velocity_relative_residual = -0.02014479795332136
pericentre = 45.60506553930753
quantile = 0.5
n_samples = 10000

[smallperi]
ra_median = 227.24359933593516
ra_sem = 0.0008644555218463924
dec_median = 67.2226155373532
dec_sem = 0.0002767333570337108
distance_median = 73.79277917442724
distance_sem = 0.4767284661668796
pmra_median = -0.09702586667484997
pmra_sem = 0.001748956023423397
pmdec_median = 0.08688173931906147
pmdec_sem = 0.0034527155407324366
radial_velocity_median = -245.61574474865176
radial_velocity_sem = 0.2011611072035135
ra_relative_residual = 0.35540798559294573
dec_relative_residual = 0.32221084575567716
distance_relative_residual = 1.0257719928964566
pmra_relative_residual = 1.5867137250088252
pmdec_relative_residual = 0.5224552540624394
radial_velocity_relative_residual = 0.2842552513482417
pericentre = 21.363788827809394
quantile = 0.001349898031630093
n_samples = 27

[largeperi]
ra_median = 227.2413275889153
ra_sem = 0.0007013451879896114
dec_median = 67.2221716149322
dec_sem = 0.0003529248156965221
distance_median = 80.58620119479116
distance_sem = 0.28715532570944136
pmra_median = -0.10629388686988298
pmra_sem = 0.0024104935605299463
pmdec_median = 0.09125248379582253
pmdec_sem = 0.002576368586037951
radial_velocity_median = -245.88060242708056
radial_velocity_sem = 0.21958751960879394
ra_relative_residual = -0.14942468548421556
dec_relative_residual = 0.04475933262249043
distance_relative_residual = 2.9128336652197677
pmra_relative_residual = 1.041536066477472
pmdec_relative_residual = 0.7795578703425016
radial_velocity_relative_residual = 0.019397572919444883
pericentre = 79.05598429097077
quantile = 0.9986501019683699
n_samples = 27
