[mean]
ra_median = 227.24193591144768
ra_sem = 4.481926432825971e-5
dec_median = 67.22212000230836
dec_sem = 1.6067335338354328e-5
distance_median = 70.16805427481694
distance_sem = 0.03574581989824349
pmra_median = -0.12409383436656919
pmra_sem = 0.00016848128400119577
pmdec_median = 0.07807264962597579
pmdec_sem = 0.00016825039159246922
radial_velocity_median = -245.92014479795333
radial_velocity_sem = 0.009878897045747882
ra_relative_residual = -0.014241900512641022
dec_relative_residual = 0.012501442725465495
distance_relative_residual = 0.01890396522692899
pmra_relative_residual = -0.0055196686217172134
pmdec_relative_residual = 0.004273507410340768
radial_velocity_relative_residual = -0.02014479795332136
pericentre_lmc = 118.07147167941437
quantile = 0.5
n_samples = 10000

[smallperi]
ra_median = 227.24211714774833
ra_sem = 0.00020400172336693993
dec_median = 67.22220204786545
dec_sem = 7.752891493950707e-5
distance_median = 68.54718505451662
distance_sem = 0.2769395114082481
pmra_median = -0.12377442913479403
pmra_sem = 0.0009649167526191599
pmdec_median = 0.08102160190644098
pmdec_sem = 0.0008815464126394994
radial_velocity_median = -245.9589416769759
radial_velocity_sem = 0.049167593082460756
ra_relative_residual = 0.02603283296467554
dec_relative_residual = 0.06377991590866827
distance_relative_residual = -0.4313374848564935
pmra_relative_residual = 0.013268874423880628
pmdec_relative_residual = 0.17774128861417507
radial_velocity_relative_residual = -0.058941676975905466
pericentre_lmc = 7.046124804432653
quantile = 0.02275013194817921
n_samples = 455

[largeperi]
ra_median = 227.2417321455326
ra_sem = 0.0002167474254410831
dec_median = 67.22201219674972
dec_sem = 7.95779573579433e-5
distance_median = 75.92752417560354
distance_sem = 0.05843316512095539
pmra_median = -0.13278033879565015
pmra_sem = 0.0006383302258097052
pmdec_median = 0.07226145961540023
pmdec_sem = 0.0007042541739292338
radial_velocity_median = -245.8385249650934
radial_velocity_sem = 0.043814133850968426
ra_relative_residual = -0.05952321497362492
dec_relative_residual = -0.054877031425704104
distance_relative_residual = 1.6187567154454285
pmra_relative_residual = -0.5164905173911856
pmdec_relative_residual = -0.33756119909410404
radial_velocity_relative_residual = 0.06147503490660711
pericentre_lmc = 124.80547884421883
quantile = 0.9772498680518208
n_samples = 455
