[mean]
ra_median = 227.24193591144768
ra_sem = 4.481926432825971e-5
dec_median = 67.22212000230836
dec_sem = 1.6067335338354328e-5
distance_median = 70.16805427481694
distance_sem = 0.03574581989824349
pmra_median = -0.12409383436656919
pmra_sem = 0.00016848128400119577
pmdec_median = 0.07807264962597579
pmdec_sem = 0.00016825039159246922
radial_velocity_median = -245.92014479795333
radial_velocity_sem = 0.009878897045747882
ra_relative_residual = -0.014241900512641022
dec_relative_residual = 0.012501442725465495
distance_relative_residual = 0.01890396522692899
pmra_relative_residual = -0.0055196686217172134
pmdec_relative_residual = 0.004273507410340768
radial_velocity_relative_residual = -0.02014479795332136
pericentre_lmc = 118.07147167941437
quantile = 0.5
n_samples = 10000

[smallperi]
ra_median = 227.2427337282197
ra_sem = 0.0007826623862607539
dec_median = 67.22301324718823
dec_sem = 0.00027026605393511865
distance_median = 68.22550903935253
distance_sem = 1.097614506684655
pmra_median = -0.12521088369493955
pmra_sem = 0.003887614137277984
pmdec_median = 0.06878141794532597
pmdec_sem = 0.00443195315488045
radial_velocity_median = -245.8696475768185
radial_velocity_sem = 0.17735571399691474
ra_relative_residual = 0.16305071548888211
dec_relative_residual = 0.5707794926479437
distance_relative_residual = -0.5206919335131843
pmra_relative_residual = -0.07122845264350272
pmdec_relative_residual = -0.5422695326278842
radial_velocity_relative_residual = 0.030352423181511767
pericentre_lmc = 0.7764420789074817
quantile = 0.001349898031630093
n_samples = 27

[largeperi]
ra_median = 227.2417321455326
ra_sem = 0.0007511912245394495
dec_median = 67.22236854905368
dec_sem = 0.00032690256700493867
distance_median = 78.97707703274165
distance_sem = 0.34040506067072906
pmra_median = -0.13942286001546744
pmra_sem = 0.002666439182761139
pmdec_median = 0.0664985098325548
pmdec_sem = 0.0031552316575515498
radial_velocity_median = -245.90533050605492
radial_velocity_sem = 0.10858842132433695
ra_relative_residual = -0.05952321497362492
dec_relative_residual = 0.1678431585538931
distance_relative_residual = 2.4658547313171257
pmra_relative_residual = -0.9072270597333789
pmdec_relative_residual = -0.6765582451438352
radial_velocity_relative_residual = -0.005330506054917805
pericentre_lmc = 127.8755479087078
quantile = 0.9986501019683699
n_samples = 27
