[mean]
time_last_peri = -392.679776991485
x_i = 124.65845489501953
Lx_f = -46.97976960937099
pmra = -0.10170188024643413
x = -19.690554702402157
quantile = 0.5
dt = -954.4008483563099
v_y_i = -6.714356422424316
v_x_i = -6.714356422424316
v_z_i = -6.714356422424316
Lz_f = -11.356689012755643
distance = 63.715651320894715
z_i = -403.1434020996094
apocentre = 430.0941289958099
period = -432.86407113670026
peri_apo_max_err = 0.0006338010676216754
pericentre = 46.4327160285574
y_i = 83.166259765625
ra = 227.2409813287032
z = 44.95794611970716
time_last_peri_lmc = -591.2150069725956
v_y = 62.89451723626192
apocentre_lmc = 337.5751550491916
Ly_f = -9.492686780335415
period_lmc = -295.4643290415999
y = 43.6635436918237
pericentre_lmc = 29.922771951939126
dec = 67.220356409673
E_f = -1.3568518792865265
v_x = 25.58082164621694
radial_velocity = -244.7060376549328
v_z = -158.39291639820664
pmdec = 0.060223617008581795

[smallperi]
time_last_peri = -604.577955144401
x_i = 86.520263671875
Lx_f = -57.17590722640389
pmra = -0.11317762530777581
x = -22.07724171984502
quantile = 0.016
dt = -954.4008483563099
v_y_i = 63.629230499267585
v_x_i = 63.629230499267585
v_z_i = 63.629230499267585
Lz_f = -7.7888803176672035
distance = 76.84247168251251
z_i = -442.1880187988281
apocentre = 454.3151272771144
period = -749.8522916978867
peri_apo_max_err = 0.00040092133698976795
pericentre = 74.44146251974989
y_i = 58.19136428833008
ra = 227.24003217129513
z = 54.21437340969715
time_last_peri_lmc = -1189.6841858098855
v_y = 60.618763485940775
apocentre_lmc = 381.2766513343846
Ly_f = -15.951719502208622
period_lmc = -357.3634139659989
y = 52.65997095081887
pericentre_lmc = 2.071923526963131
dec = 67.2231347877357
E_f = -1.2471232272040806
v_x = 5.262416342629296
radial_velocity = -245.66700483913638
v_z = -162.77782206937434
pmdec = 0.09952723970828783

[largeperi]
time_last_peri = -399.7430495965822
x_i = 23.10932159423828
Lx_f = -47.00872305790851
pmra = -0.14469962932746638
x = -20.70135941930894
quantile = 0.984
dt = -954.4008483563099
v_y_i = -36.19804763793945
v_x_i = -36.19804763793945
v_z_i = -36.19804763793945
Lz_f = -8.414700595381758
distance = 69.27963832174154
z_i = -339.5331726074219
apocentre = 342.159204098706
period = -459.97176599950575
peri_apo_max_err = 0.0004650235864360752
pericentre = 41.334504838299374
y_i = 35.44157028198242
ra = 227.24168417501426
z = 48.881465816577276
time_last_peri_lmc = -642.1851092850537
v_y = 51.041389851319366
apocentre_lmc = 329.6712353072107
Ly_f = -11.833559181500265
period_lmc = -387.3345977227629
y = 47.47696987463469
pericentre_lmc = 74.3103298088291
dec = 67.2211248580351
E_f = -1.349527641675261
v_x = 14.503511752624505
radial_velocity = -246.87519981267323
v_z = -152.80315940326082
pmdec = 0.06364297047488197
