t_last_peri = 0.4856357910156257
apocentre = 91.4570875266274
period = 1.6082109863281246
theta0 = -40.93256562848967
pericentre = 49.10544017837064
idx_peri = 1607
ra0 = 17.221288183433927
idx_f = 1710
dec0 = -36.01069966983497
