ra = 37.389
ra_err = 0.0
ra_ref = "Koposov2018MNRAS.479.5343K"
dec = -79.3089
dec_err = 0.0
dec_ref = "Koposov2018MNRAS.479.5343K"
distance = 27.542287033381633
distance_err = 0.5120493461354698
distance_ref = "Koposov2018MNRAS.479.5343K"
pmra = 3.781
pmra_err = 0.016
pmra_ref = "Pace2022ApJ...940..136P"
pmdec = -1.496
pmdec_err = 0.015
pmdec_ref = "Pace2022ApJ...940..136P"
radial_velocity = 80.4
radial_velocity_err = 0.6
radial_velocity_ref = "Koposov2018MNRAS.479.5343K"
sigma_v = 2.7
sigma_v_err = 0.51
sigma_v_ref = "Koposov2018MNRAS.479.5343K"
PA = 97.0
PA_err = 14.0
PA_ref = "Koposov2018MNRAS.479.5343K"
ellipticity = 0.21
ellipticity_err = 0.15
ellipticity_ref = "Koposov2018MNRAS.479.5343K"
Mv = -4.709999999999999
Mv_err = 0.08
pmra_gsr = 2.50871682228276
pmdec_gsr = -1.1159820280990107
radial_velocity_gsr = -94.21607706743544
theta_pm_gsr = -39.64
