ra = 37.38916666666667
ra_em = 0.0
ra_ep = 0.0
ra_ref = "MV2020"
dec = -79.30888888888889
dec_em = 0.0
dec_ep = 0.0
dec_ref = "MV2020"
distance = 27.54229671027231
distance_em = 0.502703557783235
distance_ep = 0.5120495144913981
distance_modulus = 17.200000762939453
distance_modulus_em = 0.03999999910593033
distance_modulus_ep = 0.03999999910593033
distance_ref = "MV2020"
pmra = 3.7899999618530273
pmra_em = 0.009999999776482582
pmra_ep = 0.009999999776482582
pmra_ref = "MV2020"
pmdec = -1.5
pmdec_em = 0.009999999776482582
pmdec_ep = 0.009999999776482582
pmdec_ref = "MV2020"
radial_velocity = 80.4000015258789
radial_velocity_em = 0.6000000238418579
radial_velocity_ep = 0.6000000238418579
radial_velocity_ref = "MV2020"
sigma_v = 2.690000057220459
sigma_v_em = 0.4300000071525574
sigma_v_ep = 0.5099999904632568
sigma_v_ref = "MV2020"
position_angle = 97.0
position_angle_em = 14.0
position_angle_ep = 14.0
postiion_angle_ref = "MV2020"
ellipticity = 0.20999999344348907
ellipticity_em = 0.07000000029802322
ellipticity_ep = 0.15000000596046448
ellipticity_ref = "MV2020"
Mv = -4.710000991821289
Mv_em = 0.11999999731779099
Mv_ep = 0.11999999731779099
mv = 12.489999771118164
mv_em = 0.07999999821186066
mv_ep = 0.07999999821186066
mv_ref = "MV2020"
r_h = 7.420000076293945
r_h_em = 0.5400000214576721
r_h_ep = 0.6200000047683716
r_h_ref = "MV2020"
metallicity = -2.5199999809265137
metallicity_em = 0.09000000357627869
metallicity_ep = 0.09000000357627869
metallicity_ref = "MV2020"
pmra_gsr = 2.517716866629232
pmdec_gsr = -1.1199855389391755
radial_velocity_gsr = -94.21615556103461
theta_pm_gsr = -39.64
MV2020_references = "(235)(266)(267)"
