r_h = 6.737511000151101
r_h_err = 0.3847182606135321
chi2_sersic = 0.5554479221171479
M_sersic = 147.768425253578
M_sersic_err = 20.307867125913344
n_sersic = 0.898883127002824
n_sersic_err = 0.13424549078080375
r_s_exp = 3.952091723001482
r_s_exp_err = 0.22458851030875512
chi2_exp = 0.5447555766428679
M_exp = 140.01906782624505
M_exp_err = 20.021950445682396
r_s_king = 5.1181495740521274
r_s_king_err = 0.9294783902190572
c_king = 5.7020152820048455
c_king_err = 1.4759456177851087
chi2_king = 1.4759456177851087
M_king = 140.83261591080236
M_king_err = 50.734921058661385
