[sersic]
xi0 = -0.6237451485291019
xi0_em = 0.1946159291561591
xi0_ep = 0.0797161274874505
eta0 = -2.0239253135118584
eta0_em = 0.08518663128950044
eta0_ep = 0.07715753502737477
ell = 0.3051745110439428
ell_em = 0.26650192962055635
ell_ep = 0.006512932020041162
R_h = 14.948961376103512
R_h_em = 0.09039564618506546
R_h_ep = 0.17382754803905875
n = 0.8998649401574493
n_em = 0.011669662998930685
n_ep = 0.03080931804247733
"θ" = 41.9544231593636
"θ_em" = 0.6953599503647041
"θ_ep" = 137.9128356390275

[exp2d]
xi0 = -0.6149366161880359
xi0_em = 0.09988776898002216
xi0_ep = 0.06984406859424108
eta0 = -2.0538288624754686
eta0_em = 0.0732445147332732
eta0_ep = 0.0702131830781878
ell = 0.30657311349083094
ell_em = 0.008488947509091682
ell_ep = 0.005751103651915224
r_s = 8.691350273874399
r_s_em = 0.04363343568811118
r_s_ep = 0.06308582431170429
"θ" = 41.86368607709993
"θ_em" = 0.6301371792243486
"θ_ep" = 0.9173537928514648

[plummer]
xi0 = -0.6853068595300401
xi0_em = 0.16509128592146882
xi0_ep = 0.0741647843714135
eta0 = -2.1223964580399812
eta0_em = 0.07775624427039629
eta0_ep = 0.07099280991016377
ell = 0.3099304372128533
ell_em = 0.26742840204299384
ell_ep = 0.006045383311384489
r_s = 14.216920288967831
r_s_em = 0.08781348516436083
r_s_ep = 0.133627752265836
"θ" = 41.96703510756777
"θ_em" = 0.6897281405335534
"θ_ep" = 137.74598501294543
