"N per bin" = 14
"min binwidth" = 0.05
bins = [0.0, 3.936471991156581, 5.673055462847488, 7.343745111294495, 8.23981753856225, 9.430990970106429, 10.581745910814588, 11.872914190668308, 13.321628828273502, 14.947113386683913, 16.770937058403273, 18.817300875465158, 21.113358842424404, 23.68957825349972, 26.58014397505717, 29.823412058017293, 33.462418699347104, 37.54545130624656, 42.1266892407044, 47.266922746714314, 53.03435959987871, 59.50553018315042, 66.76630299851728, 74.9130240898529, 84.0537954963825, 94.30990970106446, 105.81745910814604, 118.7291419066832, 133.2162882827351, 149.47113386683912, 167.70937058403263, 188.1730087546514, 211.1335884242437, 236.89578253499673, 265.801439750571, 298.23412058017203, +inf]
pos_err = 0.0974842587654476
position_angle = -81.0
position_angle_err = 8.0
ellipticity = 0.33
ellipticity_err = 0.09
