n_sersic = 0.6124548333011812
n_sersic_em = 0.4588300342931284
n_sersic_ep = 1.1089392579136386
log_M_s_sersic = 3.3108922435445685
log_M_s_sersic_em = 1.8149552846047277
log_M_s_sersic_ep = 1.7947620610219328
log_R_h_sersic = -0.32230658688298
log_R_h_sersic_em = 0.8452352643211813
log_R_h_sersic_ep = 0.703502869535013
log_Sigma_bg_sersic = -5.887549931205135
log_Sigma_bg_sersic_em = 1.7992871900468783
log_Sigma_bg_sersic_ep = 1.78283128427592
"log_σ_sersic" = -1.393626322954087
"log_σ_sersic_em" = 0.8364052534653694
"log_σ_sersic_ep" = 0.6347294898040534
chi2_sersic = 0.1890530761379173
lp_sersic = -19.70129670021651
num_params_sersic = 4
log_M_exp2d = 2.0928379310794982
log_M_exp2d_em = 0.3300909548768374
log_M_exp2d_ep = 0.47108167688480007
log_R_s_exp2d = 1.5151318042754274
log_R_s_exp2d_em = 0.2807909354130609
log_R_s_exp2d_ep = 0.467875853380904
"log_σ_exp2d" = -1.4082091049985754
"log_σ_exp2d_em" = 0.8065154198996662
"log_σ_exp2d_ep" = 0.6267415317376067
chi2_exp2d = 0.05388657097674332
lp_exp2d = -17.012958219846954
num_params_exp2d = 2
log_M_exp2d_inner = 2.126883948976376
log_M_exp2d_inner_em = 0.3805107931970113
log_M_exp2d_inner_ep = 0.6051488991532743
log_R_s_exp2d_inner = 1.4090437805856926
log_R_s_exp2d_inner_em = 0.33515039454730733
log_R_s_exp2d_inner_ep = 0.605994690500077
"log_σ_exp2d_inner" = -1.3610145994234275
"log_σ_exp2d_inner_em" = 0.8426001042394133
"log_σ_exp2d_inner_ep" = 0.6327950954463718
chi2_exp2d_inner = 0.10433728230756013
lp_exp2d_inner = -14.74530393454302
num_params_exp2d_inner = 2
log_M_plummer = 3.8142912340642097
log_M_plummer_em = 1.5671171135941586
log_M_plummer_ep = 1.5763923338525396
log_R_s_plummer = 0.3263579154002443
log_R_s_plummer_em = 0.7964395283672525
log_R_s_plummer_ep = 1.0668139836521946
"log_σ_plummer" = -1.3828805688217942
"log_σ_plummer_em" = 0.8263380264856894
"log_σ_plummer_ep" = 0.6219762259537343
chi2_plummer = 0.21192382375272542
lp_plummer = -16.6148685457513
num_params_plummer = 2
log_M_king = 2.0852469393013355
log_M_king_em = 0.3259589288145892
log_M_king_ep = 0.47122486879255066
log_R_s_king = 1.5338878182541436
log_R_s_king_em = 0.289028591247817
log_R_s_king_ep = 0.45161974970118246
c_king = 10.356891828911184
c_king_em = 2.8432030969156354
c_king_ep = 3.539619375419365
"log_σ_king" = -1.3869691895929919
"log_σ_king_em" = 0.8503382707966776
"log_σ_king_ep" = 0.6078722019968413
chi2_king = 0.0382584454611559
lp_king = -16.795304221798506
num_params_king = 3
