r_J = 22.94934223494474
r_J_kpc = 0.5521790054611486
peri = 43.43208657416567
r_break = 25
r_break_kpc = 0.6050474740247008
peri_required = 48.813817968652366
rho_mean_host_peri = 0.0001343330718633059
rho_mean_host_required = 0.00010402185501598206
