pericentre = 43.43208657416567
apocentre = 96.13560378404179
pericentres = [43.54310620702987, 43.43515156597296, 43.64180388004089, 43.41914659263537, 43.625116332621594, 43.43208657416567]
apocentres = [96.11531825463129, 96.15577478426279, 96.13044575742164, 96.13126317280931, 96.13560378404179, 96.11709701156377]
period = 1.6267578808593748
idx_f = 201
idx_peri = 191
t_last_peri = 0.47099350585937394
t_f_gyr = 9.429631640624999
ra_f = 14.888892274486796
dec_f = -33.590472804860234
distance_f = 82.71485838181688
pmra_f = 0.1339483427114975
pmdec_f = -0.19865594838900122
radial_velocity_f = -0.19865594838900122
theta0 = -39.16553869247009
idx_peris = [18, 53, 87, 122, 157, 191]
idx_apos = [36, 70, 105, 139, 174, 208]
t_peris = [170.0244140625, 519.9072265625, 859.9560546875, 1210.09765625, 1559.98046875, 1900.029296875]
t_apos = [349.8828125, 689.931640625, 1040.0732421875, 1380.1220703125, 1730.0048828125, 2070.0537109375]
chi2_best = 2.143648237863722
chi2_best_interp = 2.143648237863722
