r_J = 9.713034784204826
r_J_kpc = 0.24242587589389222
peri = 5.256939612531828
r_break = 25
r_break_kpc = 0.6050474740247008
peri_required = 9.43407815574611
rho_mean_host_peri = 0.009341237490814449
rho_mean_host_required = 0.002885665056655765
