lastmodel = "L3M11_9Gyr_smallperi.a4"
x_i = 72.01351165771484
y_i = -353.36700439453125
z_i = 110.45389556884766
v_x_i = -4.272394180297852
v_y_i = 31.654186248779297
v_z_i = -23.025188446044922
dJ_R = 2.96
dJ_z = -0.16
dJ_phi = -0.09
dtheta_R = -0.004
dtheta_z = 0.001
dtheta_phi = 0.006
J_R = 96.11839513181691
J_z = 19.6673772077728
J_phi = 3.7116970942982843
theta_R = 3.9768844403466628
theta_z = 3.351765579327896
theta_phi = 5.172816846141597
time_adjust = -1379.084716796875
time_measure = -1278.880859375
ra = 15.0183
ra_err = 0
dec = -33.7186
dec_err = 0
pmra = 0.14
pmra_err = 0.017
pmdec = -0.151
pmdec_err = 0.017
distance = 86.0
distance_err = 2
radial_velocity = 111.2
radial_velocity_err = 0.3
