pericentre = 40.53588707033341
apocentre = 291.5580656235176
pericentres = [5.256939612531828, 40.53588707033341]
apocentres = [291.5580656235176]
period = 5.847531258544921
idx_f = 191
idx_peri = 183
t_last_peri = 0.37796895019531246
t_f_gyr = -0.041752384033203124
ra_f = 14.126604702458495
dec_f = -35.5009259063036
distance_f = 85.80209898601389
pmra_f = 0.1391847466071634
pmdec_f = -0.1535165012124464
radial_velocity_f = -0.1535165012124464
theta0 = -34.236432506676444
idx_peris = [59, 183]
idx_apos = [103]
t_peris = [-1329.2158203125, -89.018310546875]
t_apos = [-888.784912109375]
chi2_best = 418.5956813425367
chi2_best_interp = 418.5956813425367
