pericentre = 31.235655761971618
idx_peri = 189
t_last_peri = -8.718979987792968
delta_v_peri = 514.4799306399525
