position_err = 0.24896939018085304
ellipticity = 0.05999999865889549
ellipticity_err = 0.05999999865889549
position_angle = 103.0
position_angle_err = 28.0
bins = [0.029629927678805096, 0.7973389301083071, 1.088563374318932, 1.389640392066877, 1.6218455357664243, 1.9895747436839075, 2.232339578626443, 2.5047262034875377, 2.810349023286712, 3.1532634671571893, 3.5380198014265596, 3.9697235088863683, 4.45410303544685, 4.9975858031337586, 5.607383498073577, 6.291587765186852, 7.0592775794000975, 7.920639718127004, 8.8871039336156, 9.971494618816276, 11.188200979284586, 12.553367969196605, 14.085110525081756, 15.80375394002455, 17.732103567954912, 19.895747436839102, 22.323395786264463, 25.04726203487542, 28.10349023286717, 31.53263467157195, 35.380198014265666, 39.69723508886376, 44.54103035446859, 49.97585803133769, 56.07383498073588, 62.91587765186865, 70.59277579400111, 79.2063971812702, 88.87103933615619, 99.71494618816297, 116.33320619466534]
