r_J_kpc = 0.4431783727299094
peri = 9.044033435176782
rho_mean_host_peri = 0.0023982246853218986
