pericentre = 9.044033435176782
apocentre = 100.00486451071784
pericentres = [9.999910915078402, 9.799745576541595, 9.319640478019469, 9.044033435176782]
apocentres = [95.19691978795188, 94.38936635650825, 94.22821236895474, 93.99740004800165]
idx_peris = [38, 108, 176, 245]
idx_apos = [73, 142, 211, 279]
t_peris = [148.02734375, 428.037109375, 700.0244140625, 975.8935546875]
t_apos = [288.0322265625, 563.9013671875, 840.029296875, 1112.0166015625]
