distance = 78.85297866994104
dec = -33.71882477158461
pmdec_err = 0.017
distance_err = 2.0
pmra = 0.07949147370097806
radial_velocity = 111.41932582727735
ra = 15.016807312577352
pmdec = -0.16262079768076462
radial_velocity_err = 0.2
pmra_err = 0.017
