distance = 77.42410315860823
dec = -33.71961717908469
pmdec_err = 0.017
distance_err = 2.0
pmra = 0.11724472523531129
radial_velocity = 111.3965213530701
ra = 15.017697996217324
pmdec = -0.16210334098914558
radial_velocity_err = 0.2
pmra_err = 0.017
