distance = 88.7852645491851
dec = -33.717720872813636
pmdec_err = 0.017
distance_err = 2.0
pmra = 0.06841347864926801
radial_velocity = 111.57663369228122
ra = 15.018906755352091
pmdec = -0.14843892093255157
radial_velocity_err = 0.2
pmra_err = 0.017
