pericentre = 41.31128160616074
apocentre = 93.55959551298558
pericentres = [43.45301876135539, 42.056784242044834, 41.93970325870519, 41.657786321581774, 41.478399555137216, 41.31128160616074]
apocentres = [94.26386975214437, 93.83410887648662, 93.6204410890477, 93.57521570036731, 93.55959551298558, 93.60444943314525]
period = 1.5747777685546875
idx_peris = [18, 52, 85, 119, 152, 185]
idx_apos = [35, 69, 102, 135, 168, 202]
t_peris = [170.0244140625, 510.0732421875, 840.029296875, 1180.078125, 1510.0341796875, 1839.990234375]
t_apos = [340.048828125, 680.09765625, 1010.0537109375, 1340.009765625, 1669.9658203125, 2010.0146484375]
idx_f = 195
idx_peri = 185
t_last_peri = 0.4709935058593757
t_f_gyr = 9.1465474609375
ra_f = 16.20361652983435
dec_f = -34.85703682689787
distance_f = 82.4809062006171
pmra_f = 0.14413042999254755
pmdec_f = -0.20479281664044366
radial_velocity_f = -0.20479281664044366
theta0 = -39.76396221318194
chi2_best = 18.483961624548225
chi2_best_interp = 18.483961624548225
