ra = 354.9919
ra_err = 0.0
ra_ref = "Richstein2024ApJ...967...72R"
dec = -54.4019
dec_err = 0.0
dec_ref = "Richstein2024ApJ...967...72R"
distance = 83.17637711026708
distance_err = 8.02470682532389
distance_ref = "MutluPakdil2018ApJ...863...25M"
pmra = 0.507
pmra_err = 0.048
pmra_ref = "Pace2022ApJ...940..136P"
pmdec = -1.199
pmdec_err = 0.058
pmdec_ref = "Pace2022ApJ...940..136P"
radial_velocity = 32.4
radial_velocity_err = 3.75
radial_velocity_ref = "Fritz2019A&A...623A.129F"
sigma_v = nan
sigma_v_err = nan
sigma_v_ref = "Fritz2019A&A...623A.129F"
PA = -33.0
PA_err = 5.0
PA_ref = "Richstein2024ApJ...967...72R"
ellipticity = 0.44
ellipticity_err = 0.06
ellipticity_ref = "Richstein2024ApJ...967...72R"
Mv = -2.6000000000000014
Mv_err = 0.13
pmra_gsr = 0.22385881199524596
pmdec_gsr = -0.6762068511369483
radial_velocity_gsr = -42.37286917132908
theta_pm_gsr = -39.64
