ra = 354.9975
ra_em = 0.0
ra_ep = 0.0
ra_ref = "MV2020"
dec = -54.40611111111111
dec_em = 0.0
dec_ep = 0.0
dec_ref = "MV2020"
distance = 83.17639172213713
distance_em = 7.318620997145786
distance_ep = 8.024708360219549
distance_modulus = 19.600000381469727
distance_modulus_em = 0.20000000298023224
distance_modulus_ep = 0.20000000298023224
distance_ref = "MV2020"
pmra = 0.47999998927116394
pmra_em = 0.03999999910593033
pmra_ep = 0.03999999910593033
pmra_ref = "MV2020"
pmdec = -1.1699999570846558
pmdec_em = 0.05000000074505806
pmdec_ep = 0.05000000074505806
pmdec_ref = "MV2020"
radial_velocity = 32.400001525878906
radial_velocity_em = 3.799999952316284
radial_velocity_ep = 3.700000047683716
radial_velocity_ref = "MV2020"
sigma_v = 11.0
sigma_v_em = 5.300000190734863
sigma_v_ep = 9.399999618530273
sigma_v_ref = "MV2020"
position_angle = -19.0
position_angle_em = 14.0
position_angle_ep = 14.0
postiion_angle_ref = "MV2020"
ellipticity = 0.6100000143051147
ellipticity_em = 0.15000000596046448
ellipticity_ep = 0.15000000596046448
ellipticity_ref = "MV2020"
Mv = -3.3000011444091797
Mv_em = 0.8299999833106995
Mv_ep = 0.8299999833106995
mv = 17.0
mv_em = 0.09
mv_ep = 0.13
mv_ref = "Richstein2024ApJ...967...72R"
r_h = 1.6100000143051147
r_h_em = 0.27000001072883606
r_h_ep = 0.27000001072883606
r_h_ref = "MV2020"
metallicity = -2.51
metallicity_em = 0.17
metallicity_ep = 0.19
metallicity_ref = "Fritz2019A&A...623A.129F"
pmra_gsr = 0.1968280934155126
pmdec_gsr = -0.6472433438562585
radial_velocity_gsr = -42.394369201737234
theta_pm_gsr = -39.64
MV2020_references = "(226)(227)(248)(255)(266)(267)"
