position_err = 1.3299002757517706
ellipticity = 0.5600000023841858
ellipticity_err = 0.029999999329447746
position_angle = 69.0
position_angle_err = 2.0
bins = [0.7913795435182439, 2.0107027435627725, 2.749573672703374, 3.8257790783367374, 4.816370501628586, 6.0634512171160475, 7.633432820401664, 9.609922556827275, 12.098175712163837, 15.230700840394054, 19.174316327406856, 24.139034078352303, 30.389243417403115, 38.25779078336741, 48.163705016285924, 60.634512171160566, 79.5079631293531]
