f_sat_cen = 0.695189849326173
PSAT = 0.2
num_per_bin = 16
bin_width = 0.1

[centring_error]
xi_sys = -0.5809492947969549
xi_stat = 0.5943310541232346
eta_stat = 0.3552984653086618
counts = 73
eta_sys = -0.07152269657482425
