lastmodel = "orbit_smallperi.3"
dJ_R = 0.02
dJ_z = -0.35
dJ_phi = 0.02
dtheta_R = -0.15
dtheta_z = -0.07
dtheta_phi = 0.07
J_R = 7.160874126829976
J_z = 38.19960563096337
J_phi = -9.208193231801829
theta_R = 3.0196130939036614
theta_z = 2.8060313190367876
theta_phi = 2.0802147774381736
x_i = -17.572938919067383
y_i = 74.67650604248047
z_i = 22.112045288085938
v_x_i = 14.88310564905405
v_y_i = 45.43127083182335
v_z_i = -114.37164771556854
ra = 227.24200143381887
ra_err = 0
dec = 67.22210065639148
dec_err = 0
pmra = -0.15799998096803758
pmra_err = 0.017
pmdec = 0.050000021950772085
pmdec_err = 0.017
distance = 64.60000075808816
distance_err = 3.6
radial_velocity = -245.75000505449756
radial_velocity_err = 1.0
