pericentre = 30.203697855316012
apocentre = [77.81175680285143, 76.93117496579116, 76.28667350047944, 76.1303827901796, 75.81098510798381, 75.58889085862137, 75.484053468611, 75.44642495362739]
period = 1.1855383370535715
idx_f = 208
idx_peri = 190
t_last_peri = 0.8487920898437498
t_f_gyr = 0.0460208067680664
ra_f = 230.0439811221152
dec_f = 67.47584927691547
distance_f = 62.90508764590111
pmra_f = -0.13243023683291827
pmdec_f = 0.06506165754041285
radial_velocity_f = 0.06506165754041285
theta0 = 61.05254390985378
idx_peris = [14, 40, 66, 91, 116, 141, 166, 190]
idx_apos = [27, 53, 78, 103, 128, 153, 178, 203]
t_peris = [130.0, 390.0, 650.0, 900.09765625, 1149.94140625, 1400.0390625, 1649.8828125, 1890.078125]
t_apos = [260.0, 520.0, 770.09765625, 1019.94140625, 1270.0390625, 1519.8828125, 1769.98046875, 2020.078125]
