ra = 114.63
ra_em = 0.0
ra_ep = 0.0
ra_ref = "MV2020"
dec = -57.89972222222222
dec_em = 0.0
dec_ep = 0.0
dec_ref = "MV2020"
distance = 27.797123887808947
distance_em = 1.2510766804485378
distance_ep = 1.3100381087974498
distance_modulus = 17.219999313354492
distance_modulus_em = 0.10000000149011612
distance_modulus_ep = 0.10000000149011612
distance_ref = "MV2020"
pmra = 3.119999885559082
pmra_em = 0.05000000074505806
pmra_ep = 0.05000000074505806
pmra_ref = "MV2020"
pmdec = 1.5399999618530273
pmdec_em = 0.07000000029802322
pmdec_ep = 0.05999999865889549
pmdec_ref = "MV2020"
radial_velocity = 284.6000061035156
radial_velocity_em = 3.0999999046325684
radial_velocity_ep = 3.4000000953674316
radial_velocity_ref = "MV2020"
sigma_v = 5.599999904632568
sigma_v_em = 2.0999999046325684
sigma_v_ep = 4.300000190734863
sigma_v_ref = "MV2020"
position_angle = 150.0
position_angle_em = 14.0
position_angle_ep = 14.0
postiion_angle_ref = "MV2020"
ellipticity = 0.550000011920929
ellipticity_em = 0.18000000715255737
ellipticity_ep = 0.18000000715255737
ellipticity_ref = "MV2020"
Mv = -2.3999996185302734
Mv_em = 0.30000001192092896
Mv_ep = 0.30000001192092896
mv = 14.819999694824219
mv_em = 0.20000000298023224
mv_ep = 0.20000000298023224
mv_ref = "MV2020"
r_h = 3.75
r_h_em = 1.0
r_h_ep = 1.0
r_h_ref = "MV2020"
metallicity = -1.7999999523162842
metallicity_em = 0.20000000298023224
metallicity_ep = 0.20000000298023224
metallicity_ref = "MV2020"
pmra_gsr = 2.7204918670019924
pmdec_gsr = 1.250784639224589
radial_velocity_gsr = 47.276308271768855
theta_pm_gsr = -39.64
MV2020_references = "(237)(246)(266)(267)"
