log_M_exp2d = 3.264844645324166
log_M_exp2d_em = 0.017015673139343157
log_M_exp2d_ep = 0.017699241138168453
log_R_s_exp2d = 0.7074348328880646
log_R_s_exp2d_em = 0.009906231291647138
log_R_s_exp2d_ep = 0.010780356767314592
"log_σ_exp2d" = -1.177042838573591
"log_σ_exp2d_em" = 0.14446850587814075
"log_σ_exp2d_ep" = 0.11685473332424512
chi2_exp2d = 1.8290089631570148
lp_exp2d = 18.310832017282436
num_params_exp2d = 2
log_M_exp2d_inner = 3.2324617331141137
log_M_exp2d_inner_em = 0.016060909899225706
log_M_exp2d_inner_ep = 0.017049657153722197
log_R_s_exp2d_inner = 0.6391211133072152
log_R_s_exp2d_inner_em = 0.018164791250515067
log_R_s_exp2d_inner_ep = 0.01945656217866054
"log_σ_exp2d_inner" = -1.9705460954568679
"log_σ_exp2d_inner_em" = 0.6323701361435168
"log_σ_exp2d_inner_ep" = 0.4145933538273736
chi2_exp2d_inner = 0.9691874960101939
lp_exp2d_inner = 19.88751219496349
num_params_exp2d_inner = 2
