log_Sigma = -1.4944009363283246
log_Sigma_err = 0.017260218139709203
log_R_bg = [1.6450338329256895, 1.6950338329256895, 1.7450338329256896, 1.7950338329256894, 1.8450338329256895, 1.8950338329256895, 1.9450338329256895]
n_points_bg = 7
n_points_skip = 1
