n_sersic = 1.0867902268537946
n_sersic_em = 0.07285766133140514
n_sersic_ep = 0.0915922748271718
log_M_s_sersic = 0.3393712909343858
log_M_s_sersic_em = 0.03306513045985959
log_M_s_sersic_ep = 0.02760498535784145
log_R_h_sersic = 0.9065995589522935
log_R_h_sersic_em = 0.012412519668590916
log_R_h_sersic_ep = 0.013555352943028454
log_Sigma_bg_sersic = -2.7487624484516817
log_Sigma_bg_sersic_em = 2.4521854534640277
log_Sigma_bg_sersic_ep = 0.20240622605643344
"log_σ_sersic" = -1.5712274150586898
"log_σ_sersic_em" = 0.6948204315315112
"log_σ_sersic_ep" = 0.2862041137892064
chi2_sersic = 1.54817067082506
lp_sersic = 24.89216191611257
num_params_sersic = 4
log_M_exp2d = 3.2606369852790853
log_M_exp2d_em = 0.018118926457328044
log_M_exp2d_ep = 0.018081704067982596
log_R_s_exp2d = 0.716418979712168
log_R_s_exp2d_em = 0.010289392513253781
log_R_s_exp2d_ep = 0.011081922290469448
"log_σ_exp2d" = -1.1358198479869288
"log_σ_exp2d_em" = 0.11430508301121245
"log_σ_exp2d_ep" = 0.10299972843741712
chi2_exp2d = 2.6901465976095325
lp_exp2d = 21.187406359672096
num_params_exp2d = 2
log_M_exp2d_inner = 3.236419652140264
log_M_exp2d_inner_em = 0.015780463012477597
log_M_exp2d_inner_ep = 0.01575105314179348
log_R_s_exp2d_inner = 0.6611295722929285
log_R_s_exp2d_inner_em = 0.01692487973594803
log_R_s_exp2d_inner_ep = 0.01681851716133409
"log_σ_exp2d_inner" = -2.0028926655973653
"log_σ_exp2d_inner_em" = 0.6436968664122893
"log_σ_exp2d_inner_ep" = 0.4132009834261261
chi2_exp2d_inner = 0.9378242688111474
lp_exp2d_inner = 25.11319551351496
num_params_exp2d_inner = 2
log_M_plummer = 3.2616222152617826
log_M_plummer_em = 0.011560323801606653
log_M_plummer_ep = 0.01160446323959441
log_R_s_plummer = 0.9003879666239465
log_R_s_plummer_em = 0.009915565090939493
log_R_s_plummer_ep = 0.010063233630559276
"log_σ_plummer" = -2.0195743310202827
"log_σ_plummer_em" = 0.6309815335887872
"log_σ_plummer_ep" = 0.4157098317861012
chi2_plummer = 0.9599794542477936
lp_plummer = 34.13496677996039
num_params_plummer = 2
log_M_king = 3.2552709301158336
log_M_king_em = 0.013174913521063925
log_M_king_ep = 0.011986511200671401
log_R_s_king = 0.6544048686223017
log_R_s_king_em = 0.022041370684836026
log_R_s_king_ep = 0.02229368151119293
c_king = 11.308954000922935
c_king_em = 0.693238012772385
c_king_ep = 0.7623656848423845
"log_σ_king" = -1.662370816554458
"log_σ_king_em" = 0.6507591036014579
"log_σ_king_ep" = 0.29930063147979125
chi2_king = 1.3674966594780613
lp_king = 30.93728001743909
num_params_king = 3
