r_J_kpc = 1.096789359707618
peri = 15.491405546999612
rho_mean_host_peri = 0.0011822325540512047
