r_f = 92.84813413723076
idx_peris = [15, 42, 69, 95, 122, 148, 175, 202]
t_last_peri = 0.5185809326171871
apocentre = [95.50480070583679, 94.34969130131743, 93.94421501223887, 93.89115286399891, 94.0756978693386, 94.13146109209451, 94.11870471795504]
period = 1.2549189265324516
pericentre = 15.491405546999612
idx_peri = 202
idx_f = 213
idx_apos = [29, 56, 82, 109, 135, 162, 188]
t_peris = [140.0048828125, 409.921875, 680.09765625, 939.921875, 1210.09765625, 1469.921875, 1740.09765625, 2010.0146484375]
t_apos = [280.009765625, 549.9267578125, 810.009765625, 1079.9267578125, 1340.009765625, 1609.9267578125, 1870.009765625]
