pericentre = 0.6206148617825831
apocentre = 69.75635666237905
n_peris = 12
time_last_peri = -20.71323888617489
Lx_f = 0.7066117964603791
Ly_f = 0.7595121934933431
Lz_f = -0.10877862361075641
E_f = -1.8389626020121617
period = -175.9683794466403
period_apo = -176.06253053248656
dt = -1059.9999999999998
peri_apo_max_err = 2.8164908032419897
x_i = -19.760650634765625
y_i = -26.258392333984375
z_i = 61.53017807006836
v_x_i = -0.019194994121789932
v_y_i = -0.02000192552804947
v_z_i = -0.018195614218711853
ra = 209.5
dec = 26.7
distance = 36.7
pmra = -1.16
pmdec = -0.86
radial_velocity = 190.0
x = -0.3420906963587939
y = 5.399474868471575
z = 35.4779445098087
v_x = 2.1327409637176444
v_y = 32.2867753885846
v_z = 239.28616105333643
orbit_name = "smallperi"
idx_i = 74
t_i = -2044.3966780654616
ra_err = 0.1
dec_err = 0.1
distance_err = 4.257334903760167
pmra_err = 0.03
pmdec_err = 0.02
radial_velocity_err = 1.8
