pericentre = 26.073252907671307
apocentre = 215.7148483227844
n_peris = 3
time_last_peri = -35.212506106497315
Lx_f = 49.20410627854267
Ly_f = -14.686318817835172
Lz_f = -1.7557817076578885
E_f = -0.9230811030554853
period = -707.3571079628724
period_apo = -706.3214460185638
dt = -1059.9999999999998
peri_apo_max_err = 0.0850596342074077
x_i = 22.03191566467285
y_i = 48.31657791137695
z_i = 209.0765380859375
v_x_i = -0.06478876620531082
v_y_i = -0.22177614271640778
v_z_i = 0.05777488648891449
ra = 209.5
dec = 26.7
distance = 60.8
pmra = -1.17
pmdec = -0.88
radial_velocity = 189.6
x = 4.766769585420509
y = 8.945179073653179
z = 58.76179144949234
v_x = -29.85412561297897
v_y = -132.41665178707316
v_z = 270.97190733263375
orbit_name = "largeperi"
idx_i = 307
t_i = -1803.0874450415242
ra_err = 0.1
dec_err = 0.1
distance_err = 4.257334903760167
pmra_err = 0.03
pmdec_err = 0.02
radial_velocity_err = 1.8
