pericentre = 1.5245454584467633
apocentre = 74.36324918287472
n_peris = 12
time_last_peri = -22.784562774792377
Lx_f = 3.993287510424011
Ly_f = 0.1828533993092254
Lz_f = -0.044844989243779665
E_f = -1.7773394251469816
period = -189.52613580850021
period_apo = -189.52613580850021
dt = -1059.9999999999998
peri_apo_max_err = 2.072870964300166
x_i = -1.3987404108047485
y_i = -35.6890754699707
z_i = -65.21422576904297
v_x_i = 0.0010408408707007766
v_y_i = 0.05861819535493851
v_z_i = -0.02714032121002674
ra = 209.47
dec = 26.68
distance = 39.1
pmra = -1.15
pmdec = -0.88
radial_velocity = 188.1
x = 0.1621017268973514
y = 5.730639454656856
z = 37.80100475452643
v_x = 2.0319856138177244
v_y = 14.458364340750904
v_z = 239.89443350262187
orbit_name = "peri_1.5"
idx_i = 105
t_i = -2012.2911577918906
ra_err = 0.11
dec_err = 0.06
distance_err = 4.257334903760167
pmra_err = 0.03
pmdec_err = 0.02
radial_velocity_err = 2
