pericentre = 4.4088052570234435
apocentre = 98.47482531071725
n_peris = 8
time_last_peri = -26.927210552027358
Lx_f = 10.801729956780406
Ly_f = -2.195691858219142
Lz_f = -0.024891381296522574
E_f = -1.521329405558977
period = -262.9101821480913
period_apo = -263.05813385442104
dt = -1059.9999999999998
peri_apo_max_err = 1.1704991349108562
x_i = 9.559042930603027
y_i = 45.12211227416992
z_i = 86.98899841308594
v_x_i = -0.021051624789834023
v_y_i = -0.10197518020868301
v_z_i = 0.05146490037441254
ra = 209.3
dec = 26.8
distance = 46.0
pmra = -1.08
pmdec = -0.83
radial_velocity = 197.8
x = 1.4723202144064504
y = 6.738604661818598
z = 44.50159066183898
v_x = -1.8128434475959398
v_y = -11.803483019435049
v_z = 254.50447334662516
orbit_name = "smallperi"
idx_i = 118
t_i = -1998.8275525158767
ra_err = 0.0
dec_err = 0.0
distance_err = 0.43080150822559915
pmra_err = 0.037
pmdec_err = 0.035
radial_velocity_err = 3.8
