pericentre = 7.082273598468896
apocentre = 98.93324210838963
n_peris = 8
time_last_peri = -27.9628724963361
Lx_f = 16.114364553426924
Ly_f = -4.01781294257718
Lz_f = -0.014373099796509692
E_f = -1.509540820969169
period = -268.38439528229463
period_apo = -268.2364435759648
dt = -1059.9999999999998
peri_apo_max_err = 0.613966057161651
x_i = 24.009685516357422
y_i = 95.87991333007812
z_i = 1.8041324615478516
v_x_i = 0.00024852491333149374
v_y_i = 0.000393817899748683
v_z_i = 0.1885831356048584
ra = 209.5
dec = 26.7
distance = 46.56
pmra = -1.16
pmdec = -0.88
radial_velocity = 190.0
x = 1.7480903151907452
y = 6.850123974823885
z = 45.00403292579546
v_x = -8.725550530846961
v_y = -35.897506949158895
v_z = 252.05186903650483
orbit_name = "mean"
idx_i = 77
t_i = -2041.2896922325353
ra_err = 0.1
dec_err = 0.1
distance_err = 4.257334903760167
pmra_err = 0.03
pmdec_err = 0.02
radial_velocity_err = 1.8
