pericentre = 6.985281688873827
apocentre = 104.10582888974795
n_peris = 8
time_last_peri = -27.9628724963361
Lx_f = 16.092804675172488
Ly_f = -3.806928816522259
Lz_f = 0.008771463560693249
E_f = -1.46791290851501
period = -283.77137274059595
period_apo = -283.77137274059595
dt = -1059.9999999999998
peri_apo_max_err = 0.6681614115144647
x_i = -10.340205192565918
y_i = -44.03131103515625
z_i = -93.75970458984375
v_x_i = 0.03352901339530945
v_y_i = 0.1419270634651184
v_z_i = -0.06818164885044098
ra = 209.3
dec = 26.8
distance = 46.559
pmra = -1.16
pmdec = -0.88
radial_velocity = 197.5
x = 1.588911738569831
y = 6.820493357600262
z = 45.042128965751324
v_x = -8.389029425525552
v_y = -34.865445651195984
v_z = 259.1064443270802
orbit_name = "mean"
idx_i = 240
t_i = -1872.47679531021
ra_err = 0.0
dec_err = 0.0
distance_err = 0.43080150822559915
pmra_err = 0.037
pmdec_err = 0.035
radial_velocity_err = 3.8
