pericentre = 7.101122608126936
apocentre = 97.5459541803663
n_peris = 8
time_last_peri = -27.9628724963361
Lx_f = 16.104110036270015
Ly_f = -4.1150623346824915
Lz_f = 0.0003882438581861436
E_f = -1.521190481008163
period = -264.24174750505966
period_apo = -264.09379579872984
dt = -1059.9999999999998
peri_apo_max_err = 0.5975935806051043
x_i = 24.12761116027832
y_i = 94.43292236328125
z_i = -0.7609599828720093
v_x_i = 0.0007884213700890541
v_y_i = 0.0031018888112157583
v_z_i = 0.1914779245853424
ra = 209.47
dec = 26.68
distance = 46.56
pmra = -1.16
pmdec = -0.88
radial_velocity = 188.0
x = 1.7426439313456041
y = 6.8240044247780896
z = 45.009197272909226
v_x = -9.283676889151463
v_y = -36.30766534950223
v_z = 249.97250515615076
orbit_name = "mean"
idx_i = 107
t_i = -2010.219833903273
ra_err = 0.11
dec_err = 0.06
distance_err = 4.257334903760167
pmra_err = 0.03
pmdec_err = 0.02
radial_velocity_err = 2
