pericentre = 3.7378954789002807
apocentre = 84.07566931482029
n_peris = 10
time_last_peri = -24.85588666340987
Lx_f = 9.21052744442352
Ly_f = -1.608711035107362
Lz_f = 0.03838781982194739
E_f = -1.6600773829312088
period = -219.67540574282145
period_apo = -220.59599413776257
dt = -1059.9999999999998
peri_apo_max_err = 1.2616921982123532
x_i = 11.881858825683594
y_i = 71.60987854003906
z_i = -42.28325653076172
v_x_i = 0.01048003789037466
v_y_i = 0.06639214605093002
v_z_i = 0.11568894237279892
ra = 209.47
dec = 26.68
distance = 42.68
pmra = -1.15
pmdec = -0.88
radial_velocity = 188.0
x = 0.9205924898899447
y = 6.255337389379913
z = 41.260164166833455
v_x = -2.633180921495379
v_y = -9.243830061473687
v_z = 244.40910782510224
orbit_name = "peri_4"
idx_i = 9
t_i = -2111.71470444553
ra_err = 0.11
dec_err = 0.06
distance_err = 4.257334903760167
pmra_err = 0.03
pmdec_err = 0.02
radial_velocity_err = 2
