pericentre = 11.857983644778438
apocentre = 117.48460491629481
n_peris = 7
time_last_peri = -31.069858329262335
Lx_f = 24.801090233149466
Ly_f = -7.207384180871912
Lz_f = -0.24023752757270245
E_f = -1.3573017856319627
period = -334.0009770395701
period_apo = -334.51880801172445
dt = -1059.9999999999998
peri_apo_max_err = 0.29713853328372686
x_i = 8.489005088806152
y_i = 24.966751098632812
z_i = 114.4853286743164
v_x_i = -0.06034079194068909
v_y_i = -0.20576627552509308
v_z_i = 0.04890408739447594
ra = 209.47
dec = 26.68
distance = 50.79
pmra = -1.17
pmdec = -0.88
radial_velocity = 188.0
x = 2.638849497674839
y = 7.44396874429723
z = 49.09641635504853
v_x = -16.682068469115293
v_y = -65.94012349890184
v_z = 256.0895118459494
orbit_name = "peri_12"
idx_i = 244
t_i = -1868.334147532975
ra_err = 0.11
dec_err = 0.06
distance_err = 4.257334903760167
pmra_err = 0.03
pmdec_err = 0.02
radial_velocity_err = 2
