pericentre = 17.10195704865217
apocentre = 144.47064260438333
pericentres = [19.426413974724447, 17.47732071750655, 19.10093755801715, 17.20233087436, 17.10195704865217]
apocentres = [145.00138692578943, 145.17015609831537, 145.03251909495654, 144.47064260438333]
period = 2.041029963030134
idx_peris = [24, 67, 110, 154, 197]
idx_apos = [45, 89, 132, 175]
t_peris = [230.0634765625, 659.912109375, 1090.01953125, 1529.9609375, 1960.068359375]
t_apos = [439.94140625, 879.8828125, 1309.990234375, 1740.09765625]
idx_f = 201
idx_peri = 197
t_last_peri = 0.18790932617187472
t_f_gyr = 9.429631640624999
ra_f = 207.49491885637076
dec_f = 26.50506101769158
distance_f = 60.888638818984035
pmra_f = -0.9901338817789085
pmdec_f = -0.7924334071728584
radial_velocity_f = -0.7924334071728584
theta0 = -110.61602562700016
chi2_best = 11.424991174294059
chi2_best_interp = 3.8673694500834923
