r_J = 161.68358705718663
r_J_kpc = 3.008605384120888
peri = 30.45048189105535
r_break = 25
r_break_kpc = 0.509781585686677
peri_required = 7.872386178924967
rho_mean_host_peri = 0.00028806560527878337
rho_mean_host_required = 0.00471183092925903
