bf_gradient = 1.7675170323427105
bf_rell = 2.4220334702362876
R_grad_median = 2.221976089706607
R_grad_el = 0.9403642680264199
R_grad_ep = 1.0049376253524067
theta_grad_median = 27.655623384552097
theta_grad_el = 45.19811944952232
theta_grad_ep = 271.03750136251364

[vz]
parameters = ["μ", "σ"]
mean = [-40.19281460229458, 12.121324949383027]
std = [0.2535349561261955, 0.182340991849802]
mcse = [0.0006315849825115134, 0.0004572969152262091]
ess_bulk = [161139.5490063837, 159440.22654072597]
ess_tail = [118794.35606483943, 115603.88177808511]
rhat = [1.0001904862020357, 1.0000968337564538]
ess_per_sec = [332.15951494430055, 328.6566745217767]
median = [-40.19175905908219, 12.119409424128499]
error_lower = [0.2527182844353746, 0.17908150244340781]
error_upper = [0.25124515366400146, 0.1821726241329813]
error_lower_2 = [0.499558502002607, 0.3497118426749761]
error_upper_2 = [0.4958815337140976, 0.3661214722170527]

[gradient]
parameters = ["μ", "σ", "A", "B"]
mean = [-40.10066868819378, 12.118864100686732, 0.013275112381149581, 0.02494552488496968]
std = [0.26254758290047875, 0.18152517678435462, 0.02218609455918839, 0.01972732479790736]
mcse = [0.0005875362726343359, 0.00038200728172820887, 5.481243217679019e-5, 4.76440442388524e-5]
ess_bulk = [199708.30536626728, 226200.84740323602, 163843.2133948349, 171450.3639007825]
ess_tail = [135309.97266800996, 132202.78961190404, 137598.35454789724, 134606.40890638184]
rhat = [1.0000731238035387, 1.0000897317003263, 1.0000021084867066, 1.0000572705253659]
ess_per_sec = [154.7021896508518, 175.2243920450872, 126.91962823041447, 132.81243693516683]
median = [-40.101096616265025, 12.116935351810252, 0.013231971443463195, 0.02487557001421846]
error_lower = [0.2597426938964844, 0.17952721946352135, 0.02201865979407236, 0.019496452349477802]
error_upper = [0.26195826714964454, 0.1830172790135638, 0.02217324239804525, 0.019689338022405307]
error_lower_2 = [0.5131969492344126, 0.34698143956237537, 0.043342870239468895, 0.038485634561455026]
error_upper_2 = [0.5170373537904425, 0.3629387530975521, 0.043596332604957544, 0.038859899744271925]

[rell]
parameters = ["μ", "σ", "dlσ_dlR"]
mean = [-40.188107754944824, 12.08421475482719, 0.012742179178370866]
std = [0.2529448982026116, 0.19466540545986297, 0.02208277065548979]
mcse = [0.0005530253815111186, 0.00047128797146539785, 5.2827336841776566e-5]
ess_bulk = [209221.3383127333, 171026.7419983169, 174855.69410005774]
ess_tail = [126052.9882950866, 127924.79720354619, 128148.82546796229]
rhat = [1.0001124852839811, 1.0000593066702237, 1.0000954633689823]
ess_per_sec = [148.1728079018854, 121.12298292597065, 123.83468809338873]
median = [-40.18783743924557, 12.081850993386219, 0.012894735221371863]
error_lower = [0.2522368891372153, 0.19130042467945252, 0.022163944929503892]
error_upper = [0.25097753580015336, 0.19620422934273485, 0.02181700897670958]
error_lower_2 = [0.4941006993180608, 0.372392033299894, 0.04378758637290189]
error_upper_2 = [0.49422469224415977, 0.39115581516094267, 0.042672013162775524]
