bf_gradient = 1.6990943583614748
bf_rell = 2.487410428449713
R_grad_median = 2.2274462144328133
R_grad_el = 0.928379309295251
R_grad_ep = 1.0107230217983507
theta_grad_median = 26.4734705270388
theta_grad_el = 44.69872189237452
theta_grad_ep = 272.7877600542553

[vz]
parameters = ["μ", "σ"]
mean = [-40.30395796046586, 12.146692829377194]
std = [0.25373405194606635, 0.1815967945733515]
mcse = [0.0006203250120342449, 0.00044458414966868547]
ess_bulk = [167266.09173881443, 167268.93329712268]
ess_tail = [119221.20673417136, 118006.47207179072]
rhat = [1.000170735993047, 1.0001865201463245]
ess_per_sec = [284.66269522632024, 284.6675311475656]
median = [-40.30425348705013, 12.144802704166022]
error_lower = [0.2528075924649542, 0.1784088930286547]
error_upper = [0.2525821013242009, 0.18264409519528257]
error_lower_2 = [0.49560398077604617, 0.34732036100797004]
error_upper_2 = [0.49823950021932006, 0.3630146382382762]

[gradient]
parameters = ["μ", "σ", "A", "B"]
mean = [-40.21044980260666, 12.144945448623291, 0.012917699342098354, 0.025510084539034503]
std = [0.2623628358514419, 0.18236705971164002, 0.022060458111870556, 0.019671783755816602]
mcse = [0.0005956941840963923, 0.0003922260521959634, 5.5861634956896326e-5, 4.784998057986664e-5]
ess_bulk = [193973.3192655843, 216569.91211468802, 155958.71737982755, 169011.79416304114]
ess_tail = [132061.33042343656, 129930.13392782664, 131531.04282261143, 133129.7199076344]
rhat = [1.000019844621473, 1.0001678928775117, 1.0000192680176665, 1.000062149912962]
ess_per_sec = [156.097507782277, 174.2818222100074, 125.50575095629114, 136.0100448584879]
median = [-40.21072223010448, 12.14286326305933, 0.012922343050354623, 0.02553601797728155]
error_lower = [0.26004258459622775, 0.1786552878984775, 0.021933133850796163, 0.019628217259071164]
error_upper = [0.26217361813622375, 0.18272286133006155, 0.021966543779098142, 0.01959228216919675]
error_lower_2 = [0.5124075810679045, 0.3502691782064886, 0.04330054798804367, 0.03880477134599764]
error_upper_2 = [0.5121774418451821, 0.3643559790736699, 0.04337120830915135, 0.03842273032393078]

[rell]
parameters = ["μ", "σ", "dlσ_dlR"]
mean = [-40.29791209258701, 12.113768451794051, 0.011275137313658807]
std = [0.2537936870402964, 0.19461674583274122, 0.021884454583409454]
mcse = [0.0005349239992716935, 0.0004533083181715655, 5.1142434123259347e-5]
ess_bulk = [225122.84669609708, 184640.3039136416, 183167.2783844808]
ess_tail = [128006.22092472839, 129554.7999695764, 128955.29139506628]
rhat = [1.00009446060565, 1.0000334369692363, 1.0000552926683575]
ess_per_sec = [153.75783767531436, 126.10845275868044, 125.10238330136744]
median = [-40.298556869494135, 12.111741603479953, 0.011362967411192006]
error_lower = [0.2524133375631479, 0.19245984433090868, 0.021829247670582197]
error_upper = [0.25305103930470807, 0.19584552921644516, 0.021716889444100586]
error_lower_2 = [0.49506106148295714, 0.37101795114034886, 0.04327218480930341]
error_upper_2 = [0.49835665920289784, 0.3903474334599739, 0.042426679581245415]
