position_err = nan
ellipticity = 0.38999998569488525
ellipticity_err = 0.09000000357627869
position_angle = 121.0
position_angle_err = 9.0
bins = [0.15239703435717147, 4.121135108280032, 5.901727539104318, 7.120640687649765, 8.470377301525353, 9.826413661956071, 11.027826416851665, 12.373424750546267, 13.88321091302958, 15.577218849385604, 17.477927015711046, 19.610556654570637, 22.00340646556243, 24.68822811186819, 27.700647545532632, 31.080637742202004, 34.87304911822476, 39.128204668427, 43.90256772167934, 49.25949117496593, 55.27005814783649, 62.014025212215145, 69.58088071365263, 78.07103222730183, 93.53152146722124]
