pericentre = 3.783020044872517
apocentre = 84.07637618949676
n_peris = 5
time_last_peri = -25.37371763556424
Lx_f = 9.21052744442352
Ly_f = -1.608711035107362
Lz_f = 0.03838781982194739
E_f = -1.6600773829312088
period = -219.56033219345386
period_apo = -219.56033219345386
dt = -529.9999999999999
peri_apo_max_err = 0.37803423714761397
x_i = 11.040081024169922
y_i = 66.43634796142578
z_i = 50.235172271728516
v_x_i = -0.013398928567767143
v_y_i = -0.07715414464473724
v_z_i = 0.1034100130200386
ra = 209.47
dec = 26.68
distance = 42.68
pmra = -1.15
pmdec = -0.88
radial_velocity = 188.0
x = 0.9205924898899447
y = 6.255337389379913
z = 41.260164166833455
v_x = -2.633180921495379
v_y = -9.243830061473687
v_z = 244.40910782510224
orbit_name = "peri_4"
idx_i = 91
t_i = -1013.3952125061064
ra_err = 0.11
dec_err = 0.06
distance_err = 4.257334903760167
pmra_err = 0.03
pmdec_err = 0.02
radial_velocity_err = 2
