pericentre = 1.5857658611970171
apocentre = 74.3632656552006
n_peris = 5
period = 189.52613580850021
period_apo = 189.52613580850024
time_last_peri = -22.784562774792377
peri_apo_max_err = 0.9106010150942945
orbital_timestep = -0.5178309721543722
x_i = 0.7949447631835938
y_i = 3.5013833045959473
z_i = 74.27653503417969
v_x_i = 0.0009420496644452214
v_y_i = -0.052263397723436356
v_z_i = 0.0011557643301784992
t_i = -875.6521739130435
x = 0.16210173070430756
y = 5.730639457702637
z = 37.80100631713867
v_x = 0.009797423146665096
v_y = 0.06971246004104614
v_z = 1.1566752195358276
t_f = 0.0
Lx_f = 3.993287510424011
Ly_f = 0.1828533993092254
Lz_f = -0.044844989243779665
E_f = -1.7773394251469816
idx_i = 1
ra = 209.47
ra_err = 0.11
dec = 26.68
dec_err = 0.06
distance = 39.1
distance_err = 4.257334903760167
pmra = -1.15
pmra_err = 0.03
pmdec = -0.88
pmdec_err = 0.02
radial_velocity = 188.1
radial_velocity_err = 2
