pericentre = 26.128903256917543
apocentre = 210.60016125425696
n_peris = 2
time_last_peri = -35.73033707865169
Lx_f = 49.07899035423134
Ly_f = -14.763788501939644
Lz_f = -1.7318036041694995
E_f = -0.9366002843249677
period = -688.1973619931607
period_apo = nan
dt = -529.9999999999999
peri_apo_max_err = 0.0210200052562044
x_i = -43.64467239379883
y_i = -125.59062194824219
z_i = -163.32350158691406
v_x_i = 0.04981677979230881
v_y_i = 0.183030903339386
v_z_i = -0.15361200273036957
ra = 209.47
dec = 26.68
distance = 60.76
pmra = -1.17
pmdec = -0.88
radial_velocity = 187.6
x = 4.751182711930745
y = 8.90520852340027
z = 58.729885444629815
v_x = -30.392566521147366
v_y = -132.56240539008397
v_z = 268.78735389597523
orbit_name = "peri_26"
idx_i = 1315
t_i = -379.5701025891548
ra_err = 0.11
dec_err = 0.06
distance_err = 4.257334903760167
pmra_err = 0.03
pmdec_err = 0.02
radial_velocity_err = 2
