pericentre = 18.04825652027984
apocentre = 149.3678413274677
n_peris = 3
time_last_peri = -33.659013190034194
Lx_f = 35.47681490542948
Ly_f = -10.582834512332454
Lz_f = -0.800347697546286
E_f = -1.1670600818393488
period = -451.2896922325354
period_apo = -451.03077674645823
dt = -529.9999999999999
peri_apo_max_err = 0.0453465882058488
x_i = 36.913917541503906
y_i = 127.95755767822266
z_i = -67.61717987060547
v_x_i = 0.03730630874633789
v_y_i = 0.10763627290725708
v_z_i = 0.2238415628671646
ra = 209.47
dec = 26.68
distance = 55.5
pmra = -1.17
pmdec = -0.88
radial_velocity = 187.9
x = 3.6367521495449817
y = 8.13428362489656
z = 53.64743334721782
v_x = -23.140294957154296
v_y = -97.40059950021967
v_z = 262.1741553708774
orbit_name = "peri_18"
idx_i = 676
t_i = -710.4640937957987
ra_err = 0.11
dec_err = 0.06
distance_err = 4.257334903760167
pmra_err = 0.03
pmdec_err = 0.02
radial_velocity_err = 2
