pericentre = 26.128903256917543
apocentre = 210.60016125425696
n_peris = 1
period = nan
period_apo = nan
time_last_peri = -35.73033707865169
peri_apo_max_err = 0.020120310691300602
orbital_timestep = -0.5178309721543722
x_i = -43.64467239379883
y_i = -125.59062194824219
z_i = -163.32350158691406
v_x_i = 0.04981677979230881
v_y_i = 0.183030903339386
v_z_i = -0.15361200273036957
t_i = -379.5701025891548
x = 4.751182556152344
y = 8.905208587646484
z = 58.72988510131836
v_x = -0.1465408205986023
v_y = -0.6391630172729492
v_z = 1.2959853410720825
t_f = 0.0
Lx_f = 49.07899035423134
Ly_f = -14.763788501939644
Lz_f = -1.7318036041694995
E_f = -0.9366002843249677
idx_i = 1
ra = 209.47
ra_err = 0.11
dec = 26.68
dec_err = 0.06
distance = 60.76
distance_err = 4.257334903760167
pmra = -1.17
pmra_err = 0.03
pmdec = -0.88
pmdec_err = 0.02
radial_velocity = 187.6
radial_velocity_err = 2
