pericentre = 11.857983644778438
apocentre = 117.48520002863204
n_peris = 4
time_last_peri = -31.069858329262335
Lx_f = 24.801090233149466
Ly_f = -7.207384180871912
Lz_f = -0.24023752757270245
E_f = -1.3573017856319627
period = -334.0009770395701
period_apo = -334.0009770395701
dt = -529.9999999999999
peri_apo_max_err = 0.0754545279925356
x_i = -0.016375664621591568
y_i = -3.9441187381744385
z_i = 117.41897583007812
v_x_i = -0.061784978955984116
v_y_i = -0.21066351234912872
v_z_i = -0.006568607408553362
ra = 209.47
dec = 26.68
distance = 50.79
pmra = -1.17
pmdec = -0.88
radial_velocity = 188.0
x = 2.638849497674839
y = 7.44396874429723
z = 49.09641635504853
v_x = -16.682068469115293
v_y = -65.94012349890184
v_z = 256.0895118459494
orbit_name = "peri_12"
idx_i = 375
t_i = -866.3312164142648
ra_err = 0.11
dec_err = 0.06
distance_err = 4.257334903760167
pmra_err = 0.03
pmdec_err = 0.02
radial_velocity_err = 2
