[mean]
ra_median = 15.018295935777473
ra_sem = 3.80112686166787e-6
dec_median = -33.718597642924905
dec_sem = 2.219509337604972e-6
distance_median = 83.17916583836674
distance_sem = 0.006047372519401889
pmra_median = 0.09900146392045495
pmra_sem = 5.3628701685975494e-5
pmdec_median = -0.1600788552864746
pmdec_sem = 5.3621601787408134e-5
radial_velocity_median = 111.19788589455541
radial_velocity_sem = 0.0009497224544400027
ra_relative_residual = -0.0033868521054358784
dec_relative_residual = 0.003367250138402207
distance_relative_residual = -0.010417080816630175
pmra_relative_residual = 8.611296793774069e-5
pmdec_relative_residual = -0.004638546263210755
radial_velocity_relative_residual = -0.007047018148635213
pericentre = 53.071799537045
quantile = 0.5
n_samples = 100000

[smallperi]
ra_median = 15.018302479513437
ra_sem = 7.212041781102903e-5
dec_median = -33.71845504131012
dec_sem = 4.166611071282283e-5
distance_median = 82.61276388075632
distance_sem = 0.11647092737946153
pmra_median = 0.1336006526436811
pmra_sem = 0.000723009543305247
pmdec_median = -0.19794408008802206
pmdec_sem = 0.0006560463425972738
radial_velocity_median = 111.22031762242844
radial_velocity_sem = 0.018337894999350856
ra_relative_residual = 0.002066261197697372
dec_relative_residual = 0.20708384268581476
distance_relative_residual = -0.29361805962184206
pmra_relative_residual = 2.0353325084518286
pmdec_relative_residual = -2.2320047110601204
radial_velocity_relative_residual = 0.06772540809478755
pericentre = 43.63497503665517
quantile = 0.001349898031630093
n_samples = 270

[largeperi]
ra_median = 15.018533693525239
ra_sem = 7.673991064645116e-5
dec_median = -33.71866673510826
dec_sem = 3.8426383006983965e-5
distance_median = 85.2666228423124
distance_sem = 0.1147737961560173
pmra_median = 0.06324465825624392
pmra_sem = 0.0008136215199496818
pmdec_median = -0.12615473507309152
pmdec_sem = 0.0007980047812776384
radial_velocity_median = 111.12959551190954
radial_velocity_sem = 0.016683654937320148
ra_relative_residual = 0.19474460436560057
dec_relative_residual = -0.09533586893642873
distance_relative_residual = 1.0333114211561991
pmra_relative_residual = -2.103255396691534
pmdec_relative_residual = 1.9908979368769693
radial_velocity_relative_residual = -0.23468162696820136
pericentre = 62.65227844794494
quantile = 0.9986501019683699
n_samples = 270
