break_radius_arcmin = 59.75511125721355
break_radius_kpc = 0.9861719627035719
