ra = 213.909
ra_err = 0.0
ra_ref = "Cerny2023ApJ...953....1C"
dec = 32.914
dec_err = 0.0
dec_ref = "Cerny2023ApJ...953....1C"
distance = 101.8591388054117
distance_err = 7.284894839463789
distance_ref = "Cerny2023ApJ...953....1C"
pmra = -0.22
pmra_err = 0.05
pmra_ref = "Cerny2023ApJ...953....1C"
pmdec = -0.28
pmdec_err = 0.07
pmdec_ref = "Cerny2023ApJ...953....1C"
radial_velocity = 5.1
radial_velocity_err = 13.4
radial_velocity_ref = "Smith2023AJ....166...76S"
sigma_v = nan
sigma_v_err = nan
sigma_v_ref = "Smith2023AJ....166...76S"
PA = 18.0
PA_err = 15.0
PA_ref = "Cerny2023ApJ...953....1C"
ellipticity = 0.2
ellipticity_err = 0.1
ellipticity_ref = "Cerny2023ApJ...953....1C"
Mv = -3.1999999999999993
Mv_err = 0.3
pmra_gsr = 0.12132892711576575
pmdec_gsr = 0.0640406693907866
radial_velocity_gsr = 81.16281301897497
theta_pm_gsr = -39.64
