theta0 = -41.42091577487007
idx_peris = [97]
t_last_peri = 0.4236055535652954
apocentre = []
period = nan
pericentre = 51.95248353498133
idx_peri = 97
idx_f = 106
idx_apos = []
t_peris = [-76.80501013183591]
dec0 = -36.42419811951908
distance_f = 80.44584163577304
ra0 = 17.919872803187012
t_apos = []
