position_err = 2.4883646615594808
ellipticity = 0.4699999988079071
ellipticity_err = 0.05999999865889549
position_angle = 74.0
position_angle_err = 4.0
bins = [0.6646335460173649, 1.3612875641365334, 3.588597411383997, 4.5177764738900805, 5.68754360778607, 7.1601931785293615, 9.014149145805863, 11.348141425357685, 14.286463617016876, 17.98559209213536, 22.642518930953432, 28.505242469207783, 35.88597411384, 45.177764738900855, 56.875436077860776, 87.15065673769982]
