pericentre = 29.668229884044276
apocentre = 74.75708701570791
pericentres = [29.969288614119435, 29.650546812986473, 29.790984939839216, 30.01093015464737, 29.69858980168423, 29.70850675150326, 30.060768498679824, 29.668229884044276, 29.74308325546773]
apocentres = [74.85461935874126, 74.78626477711087, 74.85269906029605, 74.81049015843412, 74.7580648704498, 74.83496113368197, 74.81735814676755, 74.75708701570791]
period = 1.163004171549479
idx_peris = [13, 38, 63, 87, 112, 137, 161, 186, 211]
idx_apos = [26, 50, 75, 100, 124, 149, 174, 198]
t_peris = [120.078125, 370.068359375, 620.05859375, 859.9560546875, 1109.9462890625, 1359.9365234375, 1600.0927734375, 1850.0830078125, 2100.0732421875]
t_apos = [249.990234375, 489.8876953125, 739.8779296875, 990.126953125, 1230.0244140625, 1480.0146484375, 1730.0048828125, 1969.90234375]
idx_f = 203
idx_peri = 186
t_last_peri = 0.8016651123046863
t_f_gyr = 9.524806494140623
ra_f = 225.9728407650594
dec_f = 66.89395798888914
distance_f = 64.89847409773164
pmra_f = -0.16557757106574678
pmdec_f = 0.04294479698890233
radial_velocity_f = 0.04294479698890233
theta0 = 56.6313152382822
chi2_best = 5.196958339313742
chi2_best_interp = 5.196958339313742
