delta_t = nan
r_break = nan
sigma_v = 0.052967397897291886
r_max_sigma = 1.0
bound_mass = 0.9999999999999999
time = 0.0
r_h = 0.22301561510334678
