delta_t = nan
r_break = nan
sigma_v = 0.042376644987362974
r_max_sigma = 1.0
bound_mass = 0.9986155672055836
time = 2050.126953125
r_h = 0.28171264076211344
