break_radius_arcmin = 87.72153084442975
break_radius_kpc = 2.1332408565831606
