pericentre = 53.105529004863385
apocentre = 101.87415499883971
pericentres = [53.191467400762036, 53.18243601891254, 53.14278735140726, 53.13908099937193, 53.105529004863385]
apocentres = [101.89296696465932, 101.88447553953675, 101.88676958151956, 101.87415499883971, 101.88832542118693]
period = 1.8388269775390622
idx_f = 186
idx_peri = 177
t_last_peri = 0.4246262695312506
t_f_gyr = 8.723141381835937
ra_f = 16.232359982737417
dec_f = -34.91753446267419
distance_f = 82.20184448376122
pmra_f = 0.09820061047483988
pmdec_f = -0.15373712136526416
radial_velocity_f = -0.15373712136526416
theta0 = -40.127428495361535
idx_peris = [21, 60, 99, 138, 177]
idx_apos = [40, 79, 118, 157, 196]
t_peris = [200.0439453125, 590.0390625, 980.0341796875, 1370.029296875, 1760.0244140625]
t_apos = [389.9951171875, 779.990234375, 1169.9853515625, 1559.98046875, 1949.9755859375]
chi2_best = 133.4621986053763
chi2_best_interp = 133.4621986053763
