pericentre = 39.12817707872208
apocentre = 87.384567333599
pericentres = [43.27872386755651, 40.657641877833875, 40.09107260258124, 39.58935243104327, 39.299478343456414, 39.12817707872208, 39.2700572658028]
apocentres = [90.09273566235763, 88.43953979067572, 87.80017894269868, 87.63923802348232, 87.384567333599, 87.60955561036354]
period = 1.45735107865767
idx_f = 184
idx_peri = 173
t_last_peri = 0.5185809326171871
t_f_gyr = 8.62796652832031
ra_f = 18.26265947489443
dec_f = -36.69865162573273
distance_f = 81.90006536164196
pmra_f = 0.1541296353773921
pmdec_f = -0.21353060880539196
radial_velocity_f = -0.21353060880539196
theta0 = -41.46693188111017
idx_peris = [18, 50, 82, 112, 143, 173, 204]
idx_apos = [34, 66, 97, 127, 158, 188]
t_peris = [170.0244140625, 489.8876953125, 810.009765625, 1109.9462890625, 1419.9755859375, 1719.912109375, 2029.94140625]
t_apos = [329.9560546875, 650.078125, 960.107421875, 1260.0439453125, 1570.0732421875, 1870.009765625]
chi2_best = 121.9844878986559
chi2_best_interp = 121.9844878986559
