pericentre = 29.001366439328216
apocentre = [73.91909753726857, 73.6910443791976, 73.40879707347649, 73.23698995617885, 73.12134339145855, 73.13436141350768, 73.07538164745405, 72.98100758872187]
period = 1.1347770996093751
idx_f = 199
idx_peri = 182
t_last_peri = 0.8016651123046881
t_f_gyr = 0.044017716949096675
ra_f = 226.25319115953977
dec_f = 66.5608635421568
distance_f = 61.18567626516064
pmra_f = -0.1572965509376198
pmdec_f = 0.04930644764240772
radial_velocity_f = 0.04930644764240772
theta0 = 57.34558677610092
idx_peris = [13, 38, 62, 86, 110, 134, 158, 182, 206]
idx_apos = [26, 50, 74, 98, 122, 146, 170, 194]
t_peris = [120.078125, 370.068359375, 609.9658203125, 850.1220703125, 1090.01953125, 1329.9169921875, 1570.0732421875, 1809.970703125, 2050.126953125]
t_apos = [249.990234375, 489.8876953125, 730.0439453125, 969.94140625, 1210.09765625, 1449.9951171875, 1689.892578125, 1930.048828125]
