pericentre = 7.217847914919886
apocentre = 94.00242505831591
pericentres = [9.086099779109789, 7.425935240419402, 8.627569305342908, 9.77326643984679, 7.762193683780575, 8.072017683145248, 11.57043570925021, 7.217847914919886]
apocentres = [95.75943386698293, 95.12197133503328, 94.60612111352233, 94.58770894669927, 94.18844286310993, 94.10453058290088, 94.00242505831591, 93.87959354108189]
period = 254.99271937779017
idx_peris = [14, 40, 66, 91, 117, 142, 168, 193]
idx_apos = [27, 53, 79, 104, 129, 155, 180, 205]
t_peris = [129.912109375, 389.9951171875, 650.078125, 900.068359375, 1159.892578125, 1409.8828125, 1669.9658203125, 1919.9237060546875]
t_apos = [260.0830078125, 519.9072265625, 779.990234375, 1029.98046875, 1279.970703125, 1540.0537109375, 1790.0439453125, 2039.969482421875]
idx_f = 196
idx_peri = 193
t_last_peri = 30.011444091796875
t_f_gyr = 9.193944232940673
ra_f = 210.77784519833318
dec_f = 28.365053221274625
distance_f = 49.91704372806622
pmra_f = -1.0382766129888568
pmdec_f = -0.7954021912307864
radial_velocity_f = -0.7954021912307864
theta0 = -98.49059044407804
chi2_best = 31.19783401058943
chi2_best_interp = 18.56974144348993
