break_radius_arcmin = 223.47627363408532
break_radius_kpc = 4.347807781711259
