theta0 = -39.178510634297695
idx_peris = [96]
t_last_peri = 0.4248588244338317
apocentre = []
period = nan
pericentre = 46.276409248012406
idx_peri = 96
idx_f = 105
idx_apos = []
t_peris = [-86.90560249755856]
dec0 = -32.07970578054442
distance_f = 84.97311007638437
ra0 = 13.635837925954958
t_apos = []
