N_per_bin = 44
min_binwidth =  0.05
bins = [0.0, 1.6684333571013452, 2.550708097750743, 3.0944339985906875, 3.6574438446528954, 4.2445930959668345, 4.7625117846774945, 5.343626111238728, 5.995647109699689, 6.727226702565281, 7.5480725065511916, 8.469076646759715, 9.502460288562194, 10.66193580503834, 11.962888731835879, 13.42258192388087, 15.06038462297429, 16.898029475862675, 18.959900913256455, 21.273358716410396, 23.869101064797995, 26.781571882302, 30.049417887157418, 33.71600141042214, 37.829975787764674, 42.445930959668424, 47.62511784677503, 53.43626111238737, 59.95647109699701, 67.27226702565294, 75.48072506551205, 84.69076646759731, 95.0246028856221, 106.61935805038361, 119.62888731835898, 134.22581923880884, 150.60384622974297, 168.98029475862674, 189.59900913256445, 212.73358716410374, 238.6910106479796, 267.81571882301944, 300.4941788715734, inf]
