n_sersic = 1.439315421517872
n_sersic_em = 0.27523809322427617
n_sersic_ep = 0.2704616589711384
log_M_s_sersic = -0.051808310604062456
log_M_s_sersic_em = 0.07836800797865526
log_M_s_sersic_ep = 0.08773952877536068
log_R_h_sersic = 1.1058493898417487
log_R_h_sersic_em = 0.03955753787265959
log_R_h_sersic_ep = 0.037929805974257436
log_Sigma_bg_sersic = -3.691229477403742
log_Sigma_bg_sersic_em = 4.036144964449045
log_Sigma_bg_sersic_ep = 1.4420230223816168
"log_σ_sersic" = -1.914519398898805
"log_σ_sersic_em" = 0.6190477088178996
"log_σ_sersic_ep" = 0.4657067109435702
chi2_sersic = 0.30739119358069233
lp_sersic = 9.470024706180011
num_params_sersic = 4
log_M_exp2d = 3.318704099277378
log_M_exp2d_em = 0.03359058165846118
log_M_exp2d_ep = 0.033530649712187
log_R_s_exp2d = 0.9579310092908722
log_R_s_exp2d_em = 0.019909051363817265
log_R_s_exp2d_ep = 0.020896726382557462
"log_σ_exp2d" = -1.7964104437231414
"log_σ_exp2d_em" = 0.6994964553348135
"log_σ_exp2d_ep" = 0.47555021852834534
chi2_exp2d = 0.722906246754784
lp_exp2d = 6.961582760247804
num_params_exp2d = 2
log_M_exp2d_inner = 3.2842360535729487
log_M_exp2d_inner_em = 0.047022470589014986
log_M_exp2d_inner_ep = 0.0510164325374447
log_R_s_exp2d_inner = 0.8521399549036686
log_R_s_exp2d_inner_em = 0.05087583830798603
log_R_s_exp2d_inner_ep = 0.059166059824563244
"log_σ_exp2d_inner" = -1.8792216259708319
"log_σ_exp2d_inner_em" = 0.6824718592820482
"log_σ_exp2d_inner_ep" = 0.4726074066540098
chi2_exp2d_inner = 0.07345716353926783
lp_exp2d_inner = 10.181645500154238
num_params_exp2d_inner = 2
log_M_plummer = 3.318503813509806
log_M_plummer_em = 0.03257344907838755
log_M_plummer_ep = 0.03258085543440492
log_R_s_plummer = 1.1137970839516576
log_R_s_plummer_em = 0.02987866994410826
log_R_s_plummer_ep = 0.029433446733127866
"log_σ_plummer" = -1.945364257407518
"log_σ_plummer_em" = 0.6551917666125848
"log_σ_plummer_ep" = 0.4667140703489352
chi2_plummer = 0.07851503641807182
lp_plummer = 16.017942616325975
num_params_plummer = 2
log_M_king = 3.3115863764362405
log_M_king_em = 0.032037313776287935
log_M_king_ep = 0.032423310425190977
log_R_s_king = 0.8278266446706393
log_R_s_king_em = 0.051366926027384796
log_R_s_king_ep = 0.05085360891362667
c_king = 14.812081238473304
c_king_em = 1.9716251418115185
c_king_ep = 2.410312718365457
"log_σ_king" = -1.8891804642610939
"log_σ_king_em" = 0.6562121426141829
"log_σ_king_ep" = 0.46344694818052345
chi2_king = 0.2891047495865545
lp_king = 12.730997076751166
num_params_king = 3
