break_radius_kpc = 4.452317616020216
break_radius_arcmin = 186.88557132887175
r_h_i = 0.7281439142490269
r_h_f = 2.4258354628019503
boundmass_i = 0.9999999999999998
boundmass_f = 0.698972734123095
velocity_dispersion_f = 7.726421912992876
velocity_dispersion_i = 16.1672827001345
