position_err = nan
ellipticity = 0.46000000834465027
ellipticity_err = 0.25999999046325684
position_angle = 133.0
position_angle_err = 17.0
bins = [0.43142411489734594, 88.10612007029891]
