pericentre = 51.72603700086337
apocentre = [100.16448024323732, 99.48890184274866, 99.1276478705231, 98.9022894617983]
period = 1.78120687391493
idx_f = 182
idx_peri = 172
t_last_peri = 0.4709935058593757
t_f_gyr = 0.04023786594458007
ra_f = 14.989221749810678
dec_f = -33.74870742411328
distance_f = 82.78739083409864
pmra_f = 0.10455568213052341
pmdec_f = -0.1670695630015461
radial_velocity_f = -0.1670695630015461
theta0 = -39.639933675012244
idx_peris = [21, 59, 97, 135, 172, 210]
idx_apos = [40, 78, 116, 153, 191]
t_peris = [200.0439453125, 579.9462890625, 960.107421875, 1340.009765625, 1710.078125, 2089.98046875]
t_apos = [389.9951171875, 769.8974609375, 1150.05859375, 1520.126953125, 1900.029296875]
