r_h = 9.163241891664011
r_h_err = 0.9669152845484985
chi2_sersic = 0.21905744230354812
M_sersic = 88.17526404060922
M_sersic_err = 15.008766283743741
n_sersic = 0.5817858420245567
n_sersic_err = 0.1599784625204894
r_s_exp = 4.512362094382294
r_s_exp_err = 0.2961492444225781
chi2_exp = 1.65451182596089
M_exp = 60.484381969667226
M_exp_err = 12.641688795291168
r_s_king = 11.429279458138788
r_s_king_err = 5.392455890181038
c_king = 2.638342142182665
c_king_err = 1.4400713635188294
chi2_king = 1.4400713635188294
M_king = 72.98917262121421
M_king_err = 59.29515498185664
