lastmodel = "L3M11_9Gyr_smallperi.a3"
x_i = 67.82958984375
y_i = -352.2064208984375
z_i = 110.34237670898438
v_x_i = -3.6823620796203613
v_y_i = 30.790130615234375
v_z_i = -22.774202346801758
dJ_R = 4.39
dJ_z = -0.03
dJ_phi = 0.12
dtheta_R = -0.007
dtheta_z = 0.0
dtheta_phi = -0.014
J_R = 95.5455858360764
J_z = 19.44914440704745
J_phi = 3.816443405745529
theta_R = 3.9541984464042983
theta_z = 3.3362068483399474
theta_phi = 5.14838314942229
time_adjust = -1379.084716796875
time_measure = -1278.880859375
ra = 15.0183
ra_err = 0
dec = -33.7186
dec_err = 0
pmra = 0.14
pmra_err = 0.017
pmdec = -0.151
pmdec_err = 0.017
distance = 86.0
distance_err = 2
radial_velocity = 111.2
radial_velocity_err = 0.3
