t_last_peri = 0.47221369628906285
distance_f = 81.4656297472127
apocentre = 96.87742852447084
period = 1.7448723144531249
theta0 = -40.41938970468991
pericentre = 50.62750990808373
idx_peri = 168
ra0 = 16.917852314886122
idx_f = 178
dec0 = -35.56461052310118
