r_h = 12.562553215698841
r_h_err = 1.46318631747653
chi2_sersic = 2.1902044977447948
M_sersic = 103.83744724606618
M_sersic_err = 17.013004347363157
n_sersic = 0.7791147581865395
n_sersic_err = 0.18454538200939016
r_s_exp = 6.639550449929205
r_s_exp_err = 0.2823861941968456
chi2_exp = 1.9239911753827446
M_exp = 80.6254898472767
M_exp_err = 13.9808392798107
r_s_king = 9.952034520042119
r_s_king_err = 3.494758260054076
c_king = 5.429986018857046
c_king_err = 2.211321961486955
chi2_king = 2.211321961486955
M_king = 92.107719003858
M_king_err = 51.40373065627015
