theta0 = 56.36399846219668
idx_peris = [15, 41, 66, 91, 116, 141, 166, 191, 216]
t_last_peri = 0.8481935058593759
apocentre = [77.83212828915109, 76.69013995066179, 76.36250200450715, 76.06783087875841, 76.12008233293264, 76.07084610062887, 76.17032931133886, 76.38702361074765]
period = 1.1849614599609375
pericentre = 30.366271297419836
idx_peri = 191
idx_f = 209
idx_apos = [28, 53, 78, 104, 129, 154, 179, 204]
t_peris = [139.9755859375, 399.96826171875, 650.11474609375, 899.9951171875, 1149.87548828125, 1400.02197265625, 1649.90234375, 1900.048828125, 2149.92919921875]
dec0 = 66.3979448888101
distance_f = 63.83096629229468
ra0 = 225.7768900972314
t_apos = [270.10498046875, 519.9853515625, 770.1318359375, 1030.12451171875, 1280.0048828125, 1529.88525390625, 1780.03173828125, 2029.912109375]
