[[orbits]]
name = "mean"
ra = 39.99708333333333
dec = -34.44916666666666
distance = 142.56075936021878
pmra = 0.38199999928474426
pmdec = -0.35899999737739563
radial_velocity = 55.29999923706055
