name = "smallperi"
ra = 15.018299782468455
dec = -33.71859985542179
distance = 77.45000274029525
pmra = 0.10999999216027477
pmdec = -0.1599999923542013
radial_velocity = 111.43999816057335
distance_err = 2.0
pmra_err = 0.017
pmdec_err = 0.017
radial_velocity_err = 0.2
pericentre = 43.5862146932345
apocentre = 253.54424665625373
t_apo_i = 4.888949999924999
r_i = 77.58139026580486
x_i = -5.51186466217041
y_i = -8.797274589538574
z_i = -76.88367462158203
v_x_i = 15.930270862579347
v_y_i = 162.11717828512192
v_z_i = -94.7978741645813
