name = "smallperi"
ra = 15.018300237355056
dec = -33.71860042200922
distance = 82.9999972906548
pmra = 0.139999996530948
pmdec = -0.19999999550229702
radial_velocity = 111.39999771510041
distance_err = 2.0
pmra_err = 0.017
pmdec_err = 0.017
radial_velocity_err = 0.2
pericentre = 36.58462202586963
apocentre = 250.8039902420461
t_apo_i = 4.888949999924999
r_i = 83.10295574406429
x_i = -5.324826717376709
y_i = -9.427680015563965
z_i = -82.39457702636719
v_x_i = 14.866888245940208
v_y_i = 137.5229355812073
v_z_i = -91.98028928041458
