name = "largeperi"
ra = 15.01830004267897
dec = -33.71860000608118
distance = 88.89000252651611
pmra = 0.08000000138661927
pmdec = -0.1600000052326616
radial_velocity = 111.39999982928747
distance_err = 2.0
pmra_err = 0.017
pmdec_err = 0.017
radial_velocity_err = 0.2
pericentre = 50.177544419226734
apocentre = 359.83243658461504
t_apo_i = 4.888949999924999
r_i = 88.96665999097516
x_i = -5.126330375671387
y_i = -10.096704483032227
z_i = -88.24309539794922
v_x_i = 26.305252131819724
v_y_i = 158.7100865483284
v_z_i = -94.0157240331173
