pericentre = 10.859588769923445
apocentre = nan
pericentres = [10.859588769923445, 10.379998023700752, 8.26636089894888, 5.184025348832799, 3.0616419151491407]
apocentres = [67.8234749772097, 67.93697426931212, 67.49513463994106, 67.05364833475294, 66.27059195934646]
period = 171.221923828125
idx_peris = [10, 28, 45, 62, 79]
idx_apos = [19, 36, 53, 70, 87]
t_peris = [90.087890625, 269.82421875, 439.892578125, 609.9609375, 780.029296875]
t_apos = [180.17578125, 349.8046875, 519.873046875, 689.94140625, 860.009765625]
idx_f = 13
idx_peri = 10
t_last_peri = 29.8828125
t_f_gyr = 0.5656618652343749
ra_f = 209.70271215701544
dec_f = 27.903053035046504
distance_f = 40.85820726248628
pmra_f = -1.0644707878149646
pmdec_f = -0.845854272385013
radial_velocity_f = -0.845854272385013
theta0 = -72.34089558064606
chi2_best = 36.756571279873704
chi2_best_interp = 9.687611404486944
