log_M_exp2d = 3.094331354116386
log_M_exp2d_em = 0.023756270846774452
log_M_exp2d_ep = 0.021573691659571903
log_R_s_exp2d = 0.26326101524202006
log_R_s_exp2d_em = 0.013158387222038215
log_R_s_exp2d_ep = 0.014228236760770563
"log_σ_exp2d" = -1.183289585646225
"log_σ_exp2d_em" = 0.19807248322202886
"log_σ_exp2d_ep" = 0.14340403248800127
chi2_exp2d = 1.7378869690239604
lp_exp2d = 15.181137735803127
num_params_exp2d = 2
log_M_exp2d_inner = 3.1696552737422206
log_M_exp2d_inner_em = 0.025168981233108845
log_M_exp2d_inner_ep = 0.02626439892459187
log_R_s_exp2d_inner = 0.3412596835518702
log_R_s_exp2d_inner_em = 0.02680067059417418
log_R_s_exp2d_inner_ep = 0.030107098913499886
"log_σ_exp2d_inner" = -1.5290038654464495
"log_σ_exp2d_inner_em" = 0.6945397869821641
"log_σ_exp2d_inner_ep" = 0.3012670792818404
chi2_exp2d_inner = 1.1837504531050096
lp_exp2d_inner = 15.165260766350524
num_params_exp2d_inner = 2
