n_sersic = 0.6849873255041293
n_sersic_em = 0.08011497942953805
n_sersic_ep = 0.10171376707426794
log_M_s_sersic = 1.069531224529541
log_M_s_sersic_em = 0.037208980492801746
log_M_s_sersic_ep = 0.034652989026109804
log_R_h_sersic = 0.5042211846714104
log_R_h_sersic_em = 0.012464935990737003
log_R_h_sersic_ep = 0.013969829651971022
log_Sigma_bg_sersic = -2.3453313747617095
log_Sigma_bg_sersic_em = 2.6961808369551488
log_Sigma_bg_sersic_ep = 0.16281183987784864
"log_σ_sersic" = -1.7794117680902213
"log_σ_sersic_em" = 0.6450539243813513
"log_σ_sersic_ep" = 0.36551306572527387
chi2_sersic = 0.9978514028055658
lp_sersic = 22.58111528795944
num_params_sersic = 4
log_M_exp2d = 3.090867209236394
log_M_exp2d_em = 0.02256747289306249
log_M_exp2d_ep = 0.020976601507465276
log_R_s_exp2d = 0.2716166516037196
log_R_s_exp2d_em = 0.014670702224579557
log_R_s_exp2d_ep = 0.01564191539413695
"log_σ_exp2d" = -1.1375980834840798
"log_σ_exp2d_em" = 0.14301910525163963
"log_σ_exp2d_ep" = 0.1223300206647775
chi2_exp2d = 2.6052579992300187
lp_exp2d = 16.24765629288654
num_params_exp2d = 2
log_M_exp2d_inner = 3.1393636564086336
log_M_exp2d_inner_em = 0.026477414185346326
log_M_exp2d_inner_ep = 0.025981048771494653
log_R_s_exp2d_inner = 0.33044247282042877
log_R_s_exp2d_inner_em = 0.026225843184291497
log_R_s_exp2d_inner_ep = 0.02758431499363362
"log_σ_exp2d_inner" = -1.262905275664778
"log_σ_exp2d_inner_em" = 0.3107004441809118
"log_σ_exp2d_inner_ep" = 0.17109792210381114
chi2_exp2d_inner = 2.0844603030326363
lp_exp2d_inner = 15.361201905536227
num_params_exp2d_inner = 2
log_M_plummer = 3.1078620072675927
log_M_plummer_em = 0.029213269787213392
log_M_plummer_ep = 0.028482168782583805
log_R_s_plummer = 0.5215526782036919
log_R_s_plummer_em = 0.02423882548106504
log_R_s_plummer_ep = 0.02439852499683548
"log_σ_plummer" = -0.9612021846281248
"log_σ_plummer_em" = 0.0916531879976884
"log_σ_plummer_ep" = 0.0932226443990607
chi2_plummer = 4.576381759937672
lp_plummer = 11.31976299062148
num_params_plummer = 2
log_M_king = 3.1031798041273815
log_M_king_em = 0.01770864452133747
log_M_king_ep = 0.01642414467872655
log_R_s_king = 0.41942671186950425
log_R_s_king_em = 0.03141339490477102
log_R_s_king_ep = 0.029425171862149935
c_king = 5.448491656766456
c_king_em = 0.43731513025855495
c_king_ep = 0.5168696740533445
"log_σ_king" = -1.4292136652251148
"log_σ_king_em" = 0.5618586545094411
"log_σ_king_ep" = 0.22658604957289308
chi2_king = 1.638623050713834
lp_king = 19.763755554245638
num_params_king = 3
