ra = 338.4813
ra_err = 0.0
ra_ref = "Torrealba2016MNRAS.463..712T"
dec = -9.3274
dec_err = 0.0
dec_ref = "Torrealba2016MNRAS.463..712T"
distance = 107.64652136298349
distance_err = 3.5266513651757094
distance_ref = "Torrealba2016MNRAS.463..712T"
pmra = -0.179
pmra_err = 0.119
pmra_ref = "Pace2022ApJ...940..136P"
pmdec = -0.466
pmdec_err = 0.096
pmdec_ref = "Pace2022ApJ...940..136P"
radial_velocity = -65.3
radial_velocity_err = 1.8
radial_velocity_ref = "Bruce2023ApJ...950..167B"
sigma_v = 4.7
sigma_v_err = 1.8
sigma_v_ref = "Bruce2023ApJ...950..167B"
PA = 121.0
PA_err = 9.0
PA_ref = "Torrealba2016MNRAS.463..712T"
ellipticity = 0.39
ellipticity_err = 0.09
ellipticity_ref = "Torrealba2016MNRAS.463..712T"
Mv = -4.359999999999999
Mv_err = 0.14
pmra_gsr = -0.3196503508156976
pmdec_gsr = -0.06853630454051697
radial_velocity_gsr = 54.10441430651087
theta_pm_gsr = -39.64
