r_h = nan
r_h_err = nan
chi2_sersic = nan
M_sersic = nan
M_sersic_err = nan
n_sersic = nan
n_sersic_err = nan
r_s_exp = 3.66785101475065
r_s_exp_err = 1.3406507946587893
chi2_exp = 0.8059289140571678
M_exp = 22.81142977846488
M_exp_err = 12.368162024763182
r_s_king = 2.9534033689647385
r_s_king_err = 4.339071554781169
c_king = 6.067423768585618e6
c_king_err = 2.0174631720147453e13
chi2_king = 2.0174631720147453e13
M_king = 192.92189444176847
M_king_err = 4.5435469111436e7
