"N per bin" = 35
"min binwidth" = 0.05
bins = [0.0, 0.5913236634440091, 0.873721461380974, 1.0461543488442253, 1.1827911871313184, 1.3652896098080112, 1.5318801376713154, 1.7187977842458482, 1.9285228331371662, 2.1638382083226064, 2.427866401861661, 2.72411090746849, 3.0565027097449144, 3.429452445957752, 3.847908932515605, 4.3174248327558775, 4.844230337413664, 5.435315835467558, 6.098524672354295, 6.842657226397355, 7.677587684480521, 8.676075098138792, 10.39220075853944, 11.93111163621069, 13.38692743616529, 15.028553985855138, 16.862314913602795, 18.919828515313558, 21.228396746410333, 23.818652904716153, 26.72496811570459, 29.985907416452125, 33.6447414902494, 37.75002084227877, 42.35622003532053, 47.52446053410421, 53.32332175001027, 59.8297510481928, 67.13008479236457, 75.32119397588865, 84.51176964100495, 94.82376514292397, 106.39401439675596, 119.37604758042893, +inf]
pos_err = 0.0014933728165783906
position_angle = 78.0
position_angle_err = 1.0
ellipticity = 0.30000001192092896
ellipticity_err = 0.009999999776482582
