n_sersic = 0.751275119723702
n_sersic_em = 0.14671891456658648
n_sersic_ep = 0.15278638153173474
log_M_s_sersic = 1.0490667699771752
log_M_s_sersic_em = 0.07131487715890628
log_M_s_sersic_ep = 0.065925757199647
log_R_h_sersic = 0.5035472500348603
log_R_h_sersic_em = 0.02994351376986859
log_R_h_sersic_ep = 0.027884483340982702
log_Sigma_bg_sersic = -3.9327015615975927
log_Sigma_bg_sersic_em = 4.01809821584019
log_Sigma_bg_sersic_ep = 1.7570584635896402
"log_σ_sersic" = -1.897589308431305
"log_σ_sersic_em" = 0.6497601488603695
"log_σ_sersic_ep" = 0.5054241727330993
chi2_sersic = 0.23999097806809874
lp_sersic = 6.435524978197517
num_params_sersic = 4
log_M_exp2d = 3.094607996700768
log_M_exp2d_em = 0.039635087151447035
log_M_exp2d_ep = 0.03952482232358134
log_R_s_exp2d = 0.2625880940835249
log_R_s_exp2d_em = 0.02920421914656962
log_R_s_exp2d_ep = 0.03202222785166142
"log_σ_exp2d" = -1.8411481896519977
"log_σ_exp2d_em" = 0.6775449912312776
"log_σ_exp2d_ep" = 0.4903652846609754
chi2_exp2d = 0.3294348220668064
lp_exp2d = 8.387019010524828
num_params_exp2d = 2
log_M_exp2d_inner = 3.1476786581045415
log_M_exp2d_inner_em = 0.05049174665979139
log_M_exp2d_inner_ep = 0.058884740152009396
log_R_s_exp2d_inner = 0.3445093271847859
log_R_s_exp2d_inner_em = 0.059093991338765084
log_R_s_exp2d_inner_ep = 0.0685510752496653
"log_σ_exp2d_inner" = -1.8142136414330587
"log_σ_exp2d_inner_em" = 0.6998026787604621
"log_σ_exp2d_inner_ep" = 0.47538177233169066
chi2_exp2d_inner = 0.2200256714180131
lp_exp2d_inner = 7.8275328479566415
num_params_exp2d_inner = 2
log_M_plummer = 3.1215929582387463
log_M_plummer_em = 0.03777464390375007
log_M_plummer_ep = 0.038232156926512495
log_R_s_plummer = 0.5244246452230009
log_R_s_plummer_em = 0.03749569985977663
log_R_s_plummer_ep = 0.03750950440627199
"log_σ_plummer" = -1.8231739665426152
"log_σ_plummer_em" = 0.7042227481560197
"log_σ_plummer_ep" = 0.500605267610557
chi2_plummer = 0.4588235328817221
lp_plummer = 6.883636687820875
num_params_plummer = 2
log_M_king = 3.0946128533579658
log_M_king_em = 0.03932339045381772
log_M_king_ep = 0.039249902121268665
log_R_s_king = 0.3373396363372572
log_R_s_king_em = 0.06590168057730006
log_R_s_king_ep = 0.06685665296556353
c_king = 7.2442358986724775
c_king_em = 1.2888424479526384
c_king_ep = 1.7384618733161608
"log_σ_king" = -1.8077548691005667
"log_σ_king_em" = 0.6773202495860158
"log_σ_king_ep" = 0.4807873081392211
chi2_king = 0.4301242539819969
lp_king = 7.195798325979603
num_params_king = 3
