r_h = 12.511109886017955
r_h_err = 4.981702898424265
chi2_sersic = 4.141507557806876
M_sersic = 44.35518091540763
M_sersic_err = 34.954212606816256
n_sersic = 9.628441511725873
n_sersic_err = 6.6572082397557715
r_s_exp = 13.606610607332053
r_s_exp_err = 0.6141629201801505
chi2_exp = 24.671188806231704
M_exp = 159.97539840754047
M_exp_err = 21.607763215159384
r_s_king = 1.938683465943159
r_s_king_err = 0.680974156393638
c_king = 282.50970766894295
c_king_err = 303.1151681979035
chi2_king = 303.1151681979035
M_king = 105.24031541935169
M_king_err = 81.25382101489272
