[TruncNFW]
v_circ_max=0.153194
r_circ_max=2.41963
trunc=64
