pericentre = 8.377741746716973
apocentre = nan
pericentres = [8.377741746716973]
apocentres = [94.01829038571762]
period = nan
idx_peris = [14]
idx_apos = [27]
t_peris = [130.078125]
t_apos = [259.86328125]
idx_f = 17
idx_peri = 14
t_last_peri = 0.1408974609375
t_f_gyr = 0.7542158203124999
ra_f = 209.81104921980054
dec_f = 26.824478960773895
distance_f = 46.04767161488616
pmra_f = -1.1662355611779582
pmdec_f = -0.8786002171651195
radial_velocity_f = -0.8786002171651195
theta0 = -98.18818045626182
chi2_best = 0.5625633689714925
chi2_best_interp = 0.5597391006012081
