break_radius_arcmin = 120.05044076277092
break_radius_kpc = 2.861080015558635
