t_last_peri = 0.5189108886718747
apocentre = 91.6846690279666
period = 1.556732666015625
theta0 = -41.59386814905184
pericentre = 47.48404147690058
idx_peri = 157
ra0 = 18.848184427884124
idx_f = 168
dec0 = -37.74762667018601
