t_last_peri = 0.4957125195312493
apocentre = 100.67056922434374
period = 1.7972631250000006
pericentre = 51.856845902211006
idx_peri = 935
idx_f = 1040
