position_err = 2.5334395359857647
ellipticity = 0.0
ellipticity_err = nan
position_angle = 0.0
position_angle_err = nan
bins = [0.4111828035261983, 3.7829718612717214, 5.151928672602362, 6.485893925690106, 8.165256681252703, 10.279449129851137, 12.94105972881504, 16.29182894815139, 20.510197467431627, 25.820808792666053, 32.506472342165566, 40.92322407933651, 51.5192867260237, 64.85893925690117, 81.6525668125272, 119.72024155529427]
