theta0 = -38.488534147452235
idx_peris = [167]
t_last_peri = 0.3857713542968749
apocentre = []
period = nan
pericentre = 27.676264203882305
idx_peri = 167
idx_f = 208
idx_apos = []
t_peris = [-82.62796875]
dec0 = -34.13985676594995
distance_f = 83.60024951036218
ra0 = 15.292737467580444
t_apos = []
