position_err = 1.37571721410712
ellipticity = 0.6899999976158142
ellipticity_err = 0.03999999910593033
position_angle = -73.0
position_angle_err = 2.0
bins = [0.42643975373859133, 1.99361354963204, 2.9834014980297394, 3.7649748182784766, 4.52649532124637, 5.442044338196631, 6.542776359424864, 7.866147320592109, 9.457189161008948, 11.370042179730351, 13.66979733278965, 16.43471116164097, 19.758868722850767, 23.755385133757866, 28.5602546769563, 34.3369784417202, 41.282127972705034, 49.632034246907914, 66.75918942731217]
