pericentre = 46.57522545788315
apocentre = 107.10972362255755
pericentres = [50.15764741746476, 46.57522545788315, 52.85722169796986]
apocentres = [102.99236840087356, 107.10972362255755, 105.37897109448676]
period = 2.0742244461059567
idx_f = 147
idx_peri = 115
t_last_peri = 1.510002923583984
t_f_gyr = -2.6164105957031247
ra_f = 225.97141952304125
dec_f = 69.07845625260317
distance_f = 90.76731071025084
pmra_f = -0.09801979508677593
pmdec_f = 0.0057787608764104355
radial_velocity_f = 0.0057787608764104355
theta0 = 64.64697726868114
idx_peris = [76, 115, 161]
idx_apos = [94, 137, 185]
t_peris = [-1264.786376953125, -875.167236328125, -415.2001953125]
t_apos = [-1085.22705078125, -654.776611328125, -175.1318359375]
chi2_best = 71.1677912919021
chi2_best_interp = 71.1677912919021
