position_err = 0.36797615915833215
ellipticity = 0.30000001192092896
ellipticity_err = 0.009999999776482582
position_angle = 87.0
position_angle_err = 1.0
bins = [0.05513568471311706, 0.6722127850925451, 1.255521149162232, 1.4675097449915655, 1.7206307564109722, 1.930579461732657, 2.1661457835603923, 2.4304555438631468, 2.727015972574966, 3.0597622464053287, 3.4331097062432105, 3.852012446048075, 4.322029050666787, 4.849396354877332, 5.44111220239704, 6.105028303017079, 6.849954420020962, 7.685775270390824, 8.623581688996168, 9.675817797234197, 10.856446128960144, 12.181132904828395, 13.667455913522344, 15.335137758330571, 17.206307564109746, 19.3057946173266, 21.66145783560396, 24.304555438631514, 27.27015972574971, 30.597622464053348, 34.33109706243218, 38.52012446048083, 43.22029050666796, 48.493963548773415, 54.411122023970506, 61.05028303017092, 68.49954420020977, 76.85775270390839, 86.23581688996185, 100.2614083846961]
