f_sat_cen = 0.9432724405054546
PSAT = 0.2
num_per_bin = 20
bin_width = 0.05

[centring_error]
xi_stat = 0.2531186762349854
xi_sys = 0.07341478628066579
eta_stat = 0.17545945159806697
eta_sys = 0.28407944828501475
counts = 1781
