position_err = 2.855878002818163
ellipticity = 0.30000001192092896
ellipticity_err = 0.009999999776482582
position_angle = 87.0
position_angle_err = 1.0
bins = [0.05513568471311706, 1.255521149162232, 1.7206307564109722, 2.1106888511786357, 2.4385701376513578, 2.754611574536791, 3.0907250210640678, 3.467850510806709, 3.890992269885618, 4.36576513235795, 4.898469045653674, 5.496172667050351, 6.166807160460534, 6.919271438158209, 7.763550243937999, 8.710846644598945, 9.773730687834355, 10.966306199127567, 12.304397930947154, 13.805761547597603, 15.490319232096947, 17.380424041441394, 19.50115651809076, 21.880657493528858, 24.550501499999925, 27.546115745367953, 30.90725021064073, 34.67850510806715, 38.90992269885625, 43.65765132357958, 48.98469045653683, 54.9617266705036, 61.66807160460545, 69.19271438158222, 77.63550243938013, 87.1084664459896, 100.2614083846961]
