position_err = 0.36797615915833215
ellipticity = 0.30000001192092896
ellipticity_err = 0.009999999776482582
position_angle = 87.0
position_angle_err = 1.0
bins = [0.05513568471311706, 1.308296655488231, 1.7838195537250063, 2.1801527817018855, 2.501124800563748, 2.8413031261986537, 3.18799454186075, 3.576988708181695, 4.013447341409603, 4.503161982430727, 5.052630846998291, 5.669145053107443, 6.360885369701236, 7.137030770504155, 8.007880233426624, 8.984989401744588, 10.081323920464984, 11.311431482557532, 12.69163486800177, 14.240248537160252, 15.977821652540344, 17.92741075369576, 20.114885703498118, 22.56927296549962, 25.323140767468978, 28.413031261986582, 31.879945418607555, 35.76988708181701, 40.1344734140961, 45.031619824307356, 50.526308469983, 56.69145053107453, 63.60885369701248, 71.37030770504168, 80.07880233426638, 100.2614083846961]
