log_M_exp2d = 3.210207319768439
log_M_exp2d_em = 0.013522365478519482
log_M_exp2d_ep = 0.013858101106684728
log_R_s_exp2d = 0.6615463413706544
log_R_s_exp2d_em = 0.009892056233090862
log_R_s_exp2d_ep = 0.010166593721188555
"log_σ_exp2d" = -1.9498470102035217
"log_σ_exp2d_em" = 0.6654360499042888
"log_σ_exp2d_ep" = 0.4380548705979608
chi2_exp2d = 1.0477148128842237
lp_exp2d = 27.697313209675848
num_params_exp2d = 2
log_M_exp2d_inner = 3.214433234243426
log_M_exp2d_inner_em = 0.020025998054491012
log_M_exp2d_inner_ep = 0.021067980355951033
log_R_s_exp2d_inner = 0.6544908929623383
log_R_s_exp2d_inner_em = 0.02126102119020501
log_R_s_exp2d_inner_ep = 0.023617540786405322
"log_σ_exp2d_inner" = -2.0197454922962983
"log_σ_exp2d_inner_em" = 0.6296926574811925
"log_σ_exp2d_inner_ep" = 0.4306209750025365
chi2_exp2d_inner = 0.6591203530486452
lp_exp2d_inner = 22.645459293269735
num_params_exp2d_inner = 2
