n_sersic = 0.8895959191021369
n_sersic_em = 0.07301966926475378
n_sersic_ep = 0.0862763199779053
log_M_s_sersic = 0.41493347094926925
log_M_s_sersic_em = 0.03492586866180447
log_M_s_sersic_ep = 0.031151422517193106
log_R_h_sersic = 0.8583892120711814
log_R_h_sersic_em = 0.01526767423078279
log_R_h_sersic_ep = 0.01582431275225593
log_Sigma_bg_sersic = -2.0575736886211047
log_Sigma_bg_sersic_em = 0.3042280106206823
log_Sigma_bg_sersic_ep = 0.17492473831805921
"log_σ_sersic" = -2.043058471407453
"log_σ_sersic_em" = 0.6037182760698396
"log_σ_sersic_ep" = 0.4160005219914056
chi2_sersic = 0.6487198673532076
lp_sersic = 28.067922533328215
num_params_sersic = 4
log_M_exp2d = 3.2103245756923604
log_M_exp2d_em = 0.013421123079828234
log_M_exp2d_ep = 0.013277041124576172
log_R_s_exp2d = 0.660752665880932
log_R_s_exp2d_em = 0.009768610307068881
log_R_s_exp2d_ep = 0.010442131480782102
"log_σ_exp2d" = -1.9292501619742608
"log_σ_exp2d_em" = 0.6579775693360554
"log_σ_exp2d_ep" = 0.42060052592548325
chi2_exp2d = 1.0444258992632667
lp_exp2d = 27.74265704617828
num_params_exp2d = 2
log_M_exp2d_inner = 3.2105001831472513
log_M_exp2d_inner_em = 0.01756948589744578
log_M_exp2d_inner_ep = 0.018213173417056527
log_R_s_exp2d_inner = 0.6501170673875729
log_R_s_exp2d_inner_em = 0.0194956060638265
log_R_s_exp2d_inner_ep = 0.020211947349232706
"log_σ_exp2d_inner" = -2.0352394347315377
"log_σ_exp2d_inner_em" = 0.6383741626600972
"log_σ_exp2d_inner_ep" = 0.4378835610674998
chi2_exp2d_inner = 0.6384333103888139
lp_exp2d_inner = 24.314410921737597
num_params_exp2d_inner = 2
log_M_plummer = 3.232741323562299
log_M_plummer_em = 0.013247555615462758
log_M_plummer_ep = 0.013086987783005544
log_R_s_plummer = 0.8832430428499163
log_R_s_plummer_em = 0.0123795949362564
log_R_s_plummer_ep = 0.012339027365954935
"log_σ_plummer" = -2.1549129578419737
"log_σ_plummer_em" = 0.6132768399861708
"log_σ_plummer_ep" = 0.4182878353748358
chi2_plummer = 0.3633904506746035
lp_plummer = 35.78141201302414
num_params_plummer = 2
log_M_king = 3.2118107329775505
log_M_king_em = 0.01389308657461541
log_M_king_ep = 0.013481010252976322
log_R_s_king = 0.6646028433582608
log_R_s_king_em = 0.026245403968696457
log_R_s_king_ep = 0.025879843344652098
c_king = 9.086241445073131
c_king_em = 0.7286843354963608
c_king_ep = 0.8519037808801251
"log_σ_king" = -1.9059360712684343
"log_σ_king_em" = 0.6839012135147087
"log_σ_king_ep" = 0.42017902877964364
chi2_king = 0.9770789811731643
lp_king = 29.18433944170674
num_params_king = 3
