log_M_exp2d = 3.207798539764412
log_M_exp2d_em = 0.016697258890716604
log_M_exp2d_ep = 0.016959260705141865
log_R_s_exp2d = 0.6465884855427526
log_R_s_exp2d_em = 0.017050031021509926
log_R_s_exp2d_ep = 0.017321293609093957
"log_σ_exp2d" = -2.0242432362758587
"log_σ_exp2d_em" = 0.6315247118747869
"log_σ_exp2d_ep" = 0.42984028221625126
chi2_exp2d = 0.6334657894015066
lp_exp2d = 25.69234058457389
num_params_exp2d = 2
log_M_exp2d_inner = 3.2182360404967456
log_M_exp2d_inner_em = 0.0209652014088193
log_M_exp2d_inner_ep = 0.02312722959840574
log_R_s_exp2d_inner = 0.6582928276598802
log_R_s_exp2d_inner_em = 0.023619229944246034
log_R_s_exp2d_inner_ep = 0.024911565858927065
"log_σ_exp2d_inner" = -1.9969064340812401
"log_σ_exp2d_inner_em" = 0.6473215520593263
"log_σ_exp2d_inner_ep" = 0.4378459273791069
chi2_exp2d_inner = 0.6704381438234794
lp_exp2d_inner = 21.839847345347884
num_params_exp2d_inner = 2
