position_err = 2.9354287807395645
ellipticity = 0.3700000047683716
ellipticity_err = 0.05000000074505806
position_angle = -58.0
position_angle_err = 4.0
bins = [0.5485887465663577, 3.0382488494599906, 4.938090637920997, 6.245551072286167, 7.862682955559365, 9.898531377634553, 12.461512690746064, 15.688114995775733, 19.75016663133122, 24.86398665935208, 31.301904643969504, 39.40676319385107, 49.6101755812942, 62.45551072286175, 95.16031046013018]
