f_sat_cen = 0.7845680194278252
PSAT = 0.2
num_per_bin = 11
bin_width = 0.1

[centring_error]
xi_sys = 1.5643742346496707
xi_stat = 1.1763262767544764
eta_stat = 0.9054888430962487
counts = 44
eta_sys = -0.006646803570936429
