theta0 = 63.82693374847176
idx_peris = [13, 37, 61, 84, 107, 129, 152, 175, 198]
t_last_peri = 0.8481935058593741
apocentre = [72.51335924351919, 71.69026382220791, 71.31857090145319, 70.8067279946779, 70.58406695857694, 70.70757612582013, 70.8139708123939, 70.57281530158744]
period = 1.087375291442871
pericentre = 27.592257822459512
idx_peri = 175
idx_f = 193
idx_apos = [25, 49, 72, 95, 118, 141, 164, 187, 209]
t_peris = [120.01708984375, 360.05126953125, 600.08544921875, 830.00732421875, 1059.92919921875, 1280.0048828125, 1509.9267578125, 1740.11474609375, 1970.03662109375]
dec0 = 66.13770483821742
distance_f = 51.0002509679553
ra0 = 231.8175884903442
t_apos = [240.0341796875, 480.068359375, 709.990234375, 939.912109375, 1170.10009765625, 1400.02197265625, 1629.94384765625, 1860.1318359375, 2079.94140625]
