pericentre = 3.7911283987540867
apocentre = nan
pericentres = [3.7911283987540867, 10.255633455835861, 10.014152352861284, 7.157818846321013]
apocentres = [78.92702333426902, 77.90287368272182, 77.69448625655771, 77.83945027423344]
period = 0.9586552734374999
idx_peris = [12, 32, 53, 73]
idx_apos = [22, 42, 63, 83]
t_peris = [109.86328125, 309.814453125, 519.873046875, 719.82421875]
t_apos = [210.05859375, 410.009765625, 620.068359375, 820.01953125]
idx_f = 14
idx_peri = 12
t_last_peri = 0.0953129882812499
t_f_gyr = 0.6133183593749999
ra_f = 213.170074039258
dec_f = 26.870803086662658
distance_f = 36.464121628534755
pmra_f = -1.4251826775095224
pmdec_f = -0.9478906761619682
radial_velocity_f = -0.9478906761619682
theta0 = -82.81880411182786
chi2_best = 23.470044633322903
chi2_best_interp = 4.0349929432575395
