pericentre = 1.539756429618121
apocentre = 74.3632656552006
n_peris = 6
time_last_peri = -22.784562774792377
Lx_f = 3.993287510424011
Ly_f = 0.1828533993092254
Lz_f = -0.044844989243779665
E_f = -1.7773394251469816
period = -189.52613580850021
period_apo = -189.52613580850024
dt = -529.9999999999999
peri_apo_max_err = 0.9106010150942945
x_i = 0.7949447631835938
y_i = 3.5013833045959473
z_i = 74.27653503417969
v_x_i = 0.0009420496644452214
v_y_i = -0.052263397723436356
v_z_i = 0.0011557643301784992
ra = 209.47
dec = 26.68
distance = 39.1
pmra = -1.15
pmdec = -0.88
radial_velocity = 188.1
x = 0.1621017268973514
y = 5.730639454656856
z = 37.80100475452643
v_x = 2.0319856138177244
v_y = 14.458364340750904
v_z = 239.89443350262187
orbit_name = "smallperi"
idx_i = 357
t_i = -875.6521739130435
ra_err = 0.11
dec_err = 0.06
distance_err = 4.257334903760167
pmra_err = 0.03
pmdec_err = 0.02
radial_velocity_err = 2
