position_err = 2.951179619593607
ellipticity = 0.3499999940395355
ellipticity_err = 0.05000000074505806
position_angle = 56.0
position_angle_err = 5.0
bins = [0.20530212976312773, 3.145049532073333, 4.323168558947056, 5.525477867458906, 6.454367026661478, 7.435099804687906, 8.342319190436754, 9.360236083347456, 10.502357622138977, 11.783839065718821, 13.221684894260925, 14.834974448326264, 16.645115100120158, 18.676126316315095, 20.954958381780088, 23.511850013486868, 26.380729609912137, 29.599665460271655, 33.211370887589226, 37.26377102854209, 41.81063877090709, 46.91230828711092, 52.63647563204139, 59.05909702856605, 66.26539676046137, 74.35099804687921, 83.42319190436771, 93.60236083347475, 105.02357622138993, 117.83839065718833, 132.21684894260932, 148.34974448326264, 166.4511510012015, 186.76126316315074, 209.54958381780054, 242.4196931227157]
