position_err = 2.951179619593607
ellipticity = 0.3499999940395355
ellipticity_err = 0.05000000074505806
position_angle = 56.0
position_angle_err = 5.0
bins = [0.20530212976312773, 1.780213909428098, 2.765679556823798, 3.387188629014316, 3.820269145585445, 4.286412481747264, 4.809433907270709, 5.396273598703334, 6.054718562207609, 6.793505962401588, 7.6224390592250035, 8.552517291242552, 9.596082231510783, 10.766981352754266, 12.080751774915408, 13.554826433296288, 15.208765403018498, 17.064515449335996, 19.14670124787595, 21.48295213912325, 24.10426875298213, 27.04543436830013, 30.345476465845312, 34.04818459926437, 38.20269145585453, 42.86412481747273, 48.094339072707186, 53.96273598703345, 60.54718562207621, 67.93505962401602, 76.22439059225019, 85.52517291242569, 95.96082231510803, 107.66981352754289, 120.80751774915426, 135.54826433296302, 152.08765403018506, 170.64515449335994, 191.46701247875941, 214.82952139123228, 242.4196931227157]
