f_sat_cen = 0.7711150630582684
PSAT = 0.2
num_per_bin = 20
bin_width = 0.05

[centring_error]
xi_stat = 0.5923657285355904
xi_sys = 1.359047711740999
eta_stat = 0.528668003105967
eta_sys = -0.48353220806474695
counts = 1830
