position_err = 9.06119506098332
ellipticity = 0.3499999940395355
ellipticity_err = 0.05000000074505806
position_angle = 56.0
position_angle_err = 5.0
bins = [0.20530212976312773, 2.765679556823798, 3.820269145585445, 4.660610927100643, 5.568372382563798, 6.268885080608195, 7.033804748340646, 7.892058731594984, 8.855035539284518, 9.93551328857697, 11.14782926274575, 12.508070158208186, 14.034285545213265, 15.746727374672577, 17.668118709244542, 19.823955244570165, 22.24284362166392, 24.95688101965964, 28.00208106587652, 31.418851714773055, 35.25253143695226, 39.55399083312055, 44.380307656051954, 49.79552419768901, 55.871497091447054, 62.68885080608207, 70.33804748340661, 78.92058731595, 88.55035539284538, 99.3551328857699, 111.47829262745773, 125.08070158208204, 140.3428554521328, 157.46727374672585, 176.6811870924454, 198.23955244570155, 242.4196931227157]
