log_M_exp2d = 3.184084262631674
log_M_exp2d_em = 0.01592722257259105
log_M_exp2d_ep = 0.01581070682936625
log_R_s_exp2d = 1.0855024151800334
log_R_s_exp2d_em = 0.013878212130589596
log_R_s_exp2d_ep = 0.014351987963310275
"log_σ_exp2d" = -2.11054587299167
"log_σ_exp2d_em" = 0.6319231653063335
"log_σ_exp2d_ep" = 0.4314256891646351
chi2_exp2d = 0.3746372349330598
lp_exp2d = 28.612767062843922
num_params_exp2d = 2
log_M_exp2d_inner = 3.181260137055073
log_M_exp2d_inner_em = 0.0219272024605508
log_M_exp2d_inner_ep = 0.022773551794241342
log_R_s_exp2d_inner = 1.0723780486479435
log_R_s_exp2d_inner_em = 0.025264365003930145
log_R_s_exp2d_inner_ep = 0.026317468374136732
"log_σ_exp2d_inner" = -2.1202773483270403
"log_σ_exp2d_inner_em" = 0.605488902977855
"log_σ_exp2d_inner_ep" = 0.4300308958499439
chi2_exp2d_inner = 0.06971617616470505
lp_exp2d_inner = 23.783643980122164
num_params_exp2d_inner = 2
