n_sersic = 1.076665417094799
n_sersic_em = 0.11148082732830822
n_sersic_ep = 0.11310599684153266
log_M_s_sersic = -0.5170816803432721
log_M_s_sersic_em = 0.0364509627216707
log_M_s_sersic_ep = 0.04180882162219368
log_R_h_sersic = 1.3060744898940246
log_R_h_sersic_em = 0.018487823723047248
log_R_h_sersic_ep = 0.016768273862441285
log_Sigma_bg_sersic = -4.987511128102096
log_Sigma_bg_sersic_em = 3.645662336192485
log_Sigma_bg_sersic_ep = 2.730324969314855
"log_σ_sersic" = -2.0745280338665038
"log_σ_sersic_em" = 0.6361395507316128
"log_σ_sersic_ep" = 0.45250635374800185
chi2_sersic = 0.37120627752674523
lp_sersic = 23.446152098279494
num_params_sersic = 4
log_M_exp2d = 3.184200512270145
log_M_exp2d_em = 0.015956319425042054
log_M_exp2d_ep = 0.016106264443564555
log_R_s_exp2d = 1.0852543141304158
log_R_s_exp2d_em = 0.01368930883877062
log_R_s_exp2d_ep = 0.013984550469037238
"log_σ_exp2d" = -2.0990673461123732
"log_σ_exp2d_em" = 0.6321995819425021
"log_σ_exp2d_ep" = 0.4210358270585868
chi2_exp2d = 0.3746302749345662
lp_exp2d = 28.609787174240008
num_params_exp2d = 2
log_M_exp2d_inner = 3.1712297655042754
log_M_exp2d_inner_em = 0.019587280165841214
log_M_exp2d_inner_ep = 0.01959052988968324
log_R_s_exp2d_inner = 1.0599787133643637
log_R_s_exp2d_inner_em = 0.021640701443589316
log_R_s_exp2d_inner_ep = 0.0230308706157909
"log_σ_exp2d_inner" = -2.1129245723606744
"log_σ_exp2d_inner_em" = 0.6207972418599472
"log_σ_exp2d_inner_ep" = 0.42404760147609033
chi2_exp2d_inner = 0.13787974966845326
lp_exp2d_inner = 24.81205121581216
num_params_exp2d_inner = 2
log_M_plummer = 3.212897382702828
log_M_plummer_em = 0.016409537602516178
log_M_plummer_ep = 0.01572550749276269
log_R_s_plummer = 1.3263100567313502
log_R_s_plummer_em = 0.016071353831379254
log_R_s_plummer_ep = 0.016347710342659028
"log_σ_plummer" = -2.1336051206034012
"log_σ_plummer_em" = 0.6157260728368148
"log_σ_plummer_ep" = 0.40943541247896165
chi2_plummer = 0.1693197042486401
lp_plummer = 30.641519993610476
num_params_plummer = 2
log_M_king = 3.1905818813961346
log_M_king_em = 0.017035896587868304
log_M_king_ep = 0.017559622657207452
log_R_s_king = 1.096608973283356
log_R_s_king_em = 0.036150890219081244
log_R_s_king_ep = 0.035321605430704395
c_king = 9.003626061347237
c_king_em = 1.2180678261084692
c_king_ep = 1.5764545731439004
"log_σ_king" = -2.1298986421367334
"log_σ_king_em" = 0.601120813774715
"log_σ_king_ep" = 0.43276096388413254
chi2_king = 0.23786459221675837
lp_king = 30.326099224331813
num_params_king = 3
