log_M_exp2d = 3.183277721681322
log_M_exp2d_em = 0.016371187699598
log_M_exp2d_ep = 0.016262873785980236
log_R_s_exp2d = 1.0831582356046057
log_R_s_exp2d_em = 0.014167443996805584
log_R_s_exp2d_ep = 0.014912171738762803
"log_σ_exp2d" = -2.1028978079763143
"log_σ_exp2d_em" = 0.6204392794560607
"log_σ_exp2d_ep" = 0.427516285742906
chi2_exp2d = 0.3717691515220535
lp_exp2d = 28.443204942159102
num_params_exp2d = 2
log_M_exp2d_inner = 3.180961540187999
log_M_exp2d_inner_em = 0.021190371340933822
log_M_exp2d_inner_ep = 0.022217907951539217
log_R_s_exp2d_inner = 1.0720434808315533
log_R_s_exp2d_inner_em = 0.024583770632527147
log_R_s_exp2d_inner_ep = 0.025201843904768095
"log_σ_exp2d_inner" = -2.1245882223094466
"log_σ_exp2d_inner_em" = 0.6086038079565332
"log_σ_exp2d_inner_ep" = 0.43305565682190883
chi2_exp2d_inner = 0.06957835276548284
lp_exp2d_inner = 23.78868693009749
num_params_exp2d_inner = 2
