break_radius_arcmin = 252.62296403119575
break_radius_kpc = 4.914866670151383
