r_J = 202.13535755259718
r_J_kpc = 3.360317912532868
peri = 34.8583755517795
r_break = 25
r_break_kpc = 0.509781585686677
peri_required = 8.766256260563765
rho_mean_host_peri = 0.00021596123134503685
rho_mean_host_required = 0.003795930795360009
