theta0 = 60.41256332218304
idx_peris = [15, 43, 70, 96, 123, 149, 175, 202]
t_last_peri = 0.989574438476561
apocentre = [79.23985037008454, 78.19175918450779, 77.52987603749389, 77.3261428226149, 77.23245318088156, 77.04124136127021, 77.00336625784685]
period = 1.2585794978215146
pericentre = 34.8583755517795
idx_peri = 175
idx_f = 196
idx_apos = [29, 56, 83, 109, 136, 162, 189]
t_peris = [140.0048828125, 420.0146484375, 689.931640625, 950.0146484375, 1219.931640625, 1480.0146484375, 1740.09765625, 2010.0146484375]
dec0 = 66.4973931086687
distance_f = 57.14943784446398
ra0 = 230.66293057475167
t_apos = [280.009765625, 549.9267578125, 820.1025390625, 1079.9267578125, 1350.1025390625, 1609.9267578125, 1880.1025390625]
