n_sersic = 0.6325609581072038
n_sersic_em = 0.49347405549946666
n_sersic_ep = 1.1864304030030022
log_M_s_sersic = 2.735453624906204
log_M_s_sersic_em = 2.8019612324141008
log_M_s_sersic_ep = 2.340867821583445
log_R_h_sersic = -0.7052119946027632
log_R_h_sersic_em = 0.7557493268619545
log_R_h_sersic_ep = 1.0695410814364874
log_Sigma_bg_sersic = -3.965324196669797
log_Sigma_bg_sersic_em = 2.298320170910506
log_Sigma_bg_sersic_ep = 2.0183210700458862
"log_σ_sersic" = -1.391057998132385
"log_σ_sersic_em" = 0.8362126690553262
"log_σ_sersic_ep" = 0.6433458101197769
chi2_sersic = 4.25501085519083
lp_sersic = -12.833586254390891
num_params_sersic = 4
log_M_exp2d = 2.269087677539818
log_M_exp2d_em = 0.47422002497309057
log_M_exp2d_ep = 1.1080460946805104
log_R_s_exp2d = 0.6838637704044224
log_R_s_exp2d_em = 0.46731519251544557
log_R_s_exp2d_ep = 0.7022141775398243
"log_σ_exp2d" = -1.4170693539100006
"log_σ_exp2d_em" = 0.8304029105439943
"log_σ_exp2d_ep" = 0.6460918899158505
chi2_exp2d = 0.13765456739485668
lp_exp2d = -9.249793336255507
num_params_exp2d = 2
log_M_exp2d_inner = 2.3231018878003473
log_M_exp2d_inner_em = 0.517397363287192
log_M_exp2d_inner_ep = 1.1690932415087136
log_R_s_exp2d_inner = 0.715591648922042
log_R_s_exp2d_inner_em = 0.513287039768568
log_R_s_exp2d_inner_ep = 0.7227548441269851
"log_σ_exp2d_inner" = -1.3872185949581284
"log_σ_exp2d_inner_em" = 0.8454158507985161
"log_σ_exp2d_inner_ep" = 0.649212573657019
chi2_exp2d_inner = 0.13367168094420703
lp_exp2d_inner = -8.168138632712896
num_params_exp2d_inner = 2
log_M_plummer = 2.2317459567040396
log_M_plummer_em = 0.4271882468050259
log_M_plummer_ep = 1.1914660987987826
log_R_s_plummer = 0.6582800285989394
log_R_s_plummer_em = 0.5682501639946267
log_R_s_plummer_ep = 0.7120800411012711
"log_σ_plummer" = -1.3908903915208723
"log_σ_plummer_em" = 0.8399312547676776
"log_σ_plummer_ep" = 0.6526606588130613
chi2_plummer = 0.3689051677964193
lp_plummer = -9.329665926380278
num_params_plummer = 2
log_M_king = 2.2239860529615436
log_M_king_em = 0.4277440732780855
log_M_king_ep = 1.1277360287547071
log_R_s_king = 0.6555323281287657
log_R_s_king_em = 0.45353338525956033
log_R_s_king_ep = 0.704245450314785
c_king = 9.926824242499485
c_king_em = 2.8080587579624545
c_king_ep = 3.6089692515209624
"log_σ_king" = -1.4048056632989785
"log_σ_king_em" = 0.8017476357197713
"log_σ_king_ep" = 0.6400156421154194
chi2_king = 0.14187524399173665
lp_king = -9.151940531310299
num_params_king = 3
