pericentre = 40.69938255815342
apocentre = 92.14558096665434
pericentres = [43.425292815604905, 41.61923350147829, 41.33264031396264, 40.82995725446401, 41.01817996625604, 40.69938255815342]
apocentres = [93.33854435766122, 92.6431624125505, 92.3224983966957, 92.19860038305421, 92.14558096665434, 92.07695700378616]
period = 1.5417106079101561
idx_f = 192
idx_peri = 182
t_last_peri = 0.47221369628906196
t_f_gyr = 9.006225561523436
ra_f = 18.12290038124866
dec_f = -36.60083183987028
distance_f = 81.63597432453133
pmra_f = 0.14759842472405266
pmdec_f = -0.20085479884574767
radial_velocity_f = -0.20085479884574767
theta0 = -40.78446372114157
idx_peris = [18, 52, 84, 117, 150, 182]
idx_apos = [35, 68, 101, 133, 166, 198]
t_peris = [170.0244140625, 510.0732421875, 829.9365234375, 1159.892578125, 1490.107421875, 1809.970703125]
t_apos = [340.048828125, 670.0048828125, 999.9609375, 1320.0830078125, 1650.0390625, 1969.90234375]
chi2_best = 262.6563526213677
chi2_best_interp = 262.6563526213677
