t_last_peri = 0.5189108886718747
apocentre = 93.44835315311063
period = 1.6519680761718742
theta0 = -39.62099101703893
pericentre = 49.89655713366002
idx_peri = 164
ra0 = 14.67424282057469
idx_f = 175
dec0 = -33.545487455970594
