pericentre = 13.895667181149859
apocentre = 143.8695985430633
pericentres = [16.664510113741866, 14.423108632837069, 14.107860332984226, 14.562849463954159, 15.438298112466224, 13.895667181149859]
apocentres = [146.54329969340736, 145.69449975249125, 144.9695989020978, 144.07848140758333, 143.8695985430633]
period = 377.77452256944446
idx_peris = [21, 59, 97, 135, 172, 210]
idx_apos = [40, 78, 116, 154, 191]
t_peris = [200.0439453125, 579.9462890625, 960.107421875, 1340.009765625, 1710.078125, 2089.98046875]
t_apos = [389.9951171875, 769.8974609375, 1150.05859375, 1529.9609375, 1900.029296875]
