pericentre = 40.211306616474566
apocentre = 89.89521302289093
pericentres = [43.46984008887905, 41.0319350801559, 40.57278213273026, 40.25013295159319, 40.26637442639579, 40.211306616474566, 40.0792093878913]
apocentres = [92.31497057939401, 91.11485285107328, 90.3545341593705, 90.32429176770361, 89.89521302289093, 89.85172912588126]
period = 1.5044947998046878
idx_peris = [18, 51, 83, 115, 147, 178, 210]
idx_apos = [35, 67, 99, 131, 163, 194]
t_peris = [170.0244140625, 499.98046875, 820.1025390625, 1139.9658203125, 1460.087890625, 1770.1171875, 2089.98046875]
t_apos = [340.048828125, 659.912109375, 980.0341796875, 1299.8974609375, 1620.01953125, 1930.048828125]
idx_f = 189
idx_peri = 178
t_last_peri = 0.5185809326171871
t_f_gyr = 8.864683471679687
ra_f = 17.789693579346302
dec_f = -36.24547683251101
distance_f = 82.40366691245195
pmra_f = 0.15132342551395295
pmdec_f = -0.20847050483240182
radial_velocity_f = -0.20847050483240182
theta0 = -40.80708155681232
chi2_best = 59.387126766896635
chi2_best_interp = 59.387126766896635
