position_err = 1.0608449963624222
ellipticity = 0.0
ellipticity_err = nan
position_angle = 0.0
position_angle_err = nan
bins = [0.10384656941674206, 1.3789604283800478, 2.376155287867239, 3.4424652437952985, 4.094897284257614, 4.594550321408037, 5.155170249838835, 5.8697736071148245, 6.585994309757436, 7.3896071554755665, 8.291275598485424, 9.302964231204204, 10.438097547122192, 11.711738075675159, 13.140786252858495, 14.744204679744781, 16.543269744679016, 18.56185394802519, 20.82674267574202, 23.367989625180805, 26.219315599389688, 29.41855596168258, 33.0081626879229, 37.035767678451, 41.55481480446221, 46.62526907570704, 52.314412339737956, 58.69773607114835, 65.85994309757449, 73.89607155475579, 82.91275598485439, 93.0296423120422, 104.38097547122209, 119.78205667308606]
