t_last_peri = 1.0179979687500005
apocentre = 99.57416265460951
period = 0.0
theta0 = 216.6437512541329
pericentre = 52.1723691597922
idx_peri = 193
ra0 = 173.59132247085552
idx_f = 237
dec0 = -7.567162397984015
