distance = 80.90338045048904
dec = -33.71776280977764
pmdec_err = 0.017
distance_err = 2.0
pmra = 0.09704513735218602
radial_velocity = 111.24741593111355
ra = 15.018554144825297
pmdec = -0.15595559971810005
radial_velocity_err = 0.2
pmra_err = 0.017
