distance = 85.01552321947729
dec = -33.718946263956006
pmdec_err = 0.017
distance_err = 2.0
pmra = 0.12887512681178226
radial_velocity = 111.58306501737188
ra = 15.018757734814228
pmdec = -0.2014928399687387
radial_velocity_err = 0.2
pmra_err = 0.017
