distance = 86.64869113349681
dec = -33.718924006753056
pmdec_err = 0.017
distance_err = 2.0
pmra = 0.06789007151150714
radial_velocity = 111.48740627226064
ra = 15.019116915821682
pmdec = -0.12861784165708331
radial_velocity_err = 0.2
pmra_err = 0.017
