ra = 209.3
ra_em = 0.0
ra_ep = 0.0
ra_ref = "MV2020"
dec = 26.8
dec_em = 0.0
dec_ep = 0.0
dec_ref = "MV2020"
distance = 46.55860935229591
distance_em = 0.42685189625800035
distance_ep = 0.43080150822559915
distance_modulus = 18.34
distance_modulus_em = 0.02
distance_modulus_ep = 0.02
distance_modulus_sys = 0.09
distance_ref = "Carlin2018ApJ...865....7C"
pmra = nan
pmra_em = nan
pmra_ep = nan
pmra_ref = "MV2020"
pmdec = nan
pmdec_em = nan
pmdec_ep = nan
pmdec_ref = "MV2020"
radial_velocity = 197.5
radial_velocity_em = 3.799999952316284
radial_velocity_ep = 3.799999952316284
radial_velocity_ref = "MV2020"
sigma_v = 14.0
sigma_v_em = 3.200000047683716
sigma_v_ep = 3.200000047683716
sigma_v_ref = "MV2020"
position_angle = -81.0
position_angle_em = 8.0
position_angle_ep = 8.0
postiion_angle_ref = "J+24"
ellipticity = 0.33
ellipticity_em = 0.09
ellipticity_ep = 0.09
ellipticity_ref = "J+24"
Mv = -5.75
Mv_em = 0.6000000238418579
Mv_ep = 0.6000000238418579
mv = 12.600000381469727
mv_em = 0.5
mv_ep = 0.5
mv_ref = "MV2020"
rh = 33.03
rh_em = 2.50
rh_ep = 2.50
rh_ref = "J+24"
metallicity = -2.0999999046325684
metallicity_em = 0.20000000298023224
metallicity_ep = 0.20000000298023224
metallicity_ref = "MV2020"
pmra_gsr = nan
pmdec_gsr = nan
radial_velocity_gsr = 243.69191833653423
theta_pm_gsr = -39.64
MV2020_references = "(14)(15)(99)"
