ra = 205.54842
dec = +28.37728
R_h = 2.31
ellipticity = 0.0
pmra = -0.14
pmdec = -2.64
position_angle = 0.0
distance = 10.06
metallicity = -1.5
