r_h = 52.38699227008497
r_h_err = 4.899112356912656
chi2_sersic = 2.485410023956081
M_sersic = 101.28823663998281
M_sersic_err = 20.83870062470619
n_sersic = 2.3202877886296163
n_sersic_err = 0.43452733680881966
r_s_exp = 38.26318891615229
r_s_exp_err = 1.5688858804479648
chi2_exp = 7.6374873227179245
M_exp = 175.14083169630047
M_exp_err = 20.61086228222984
r_s_king = 15.659096811029318
r_s_king_err = 2.8542006832171816
c_king = 36.59221072366581
c_king_err = 13.103583626041265
chi2_king = 13.103583626041265
M_king = 143.69995122153173
M_king_err = 53.46144999464487
