r_J = 156.25137461927616
r_J_kpc = 2.940423309418884
peri = 29.709602008751883
r_break = 25
r_break_kpc = 0.509781585686677
peri_required = 7.865455218076908
rho_mean_host_peri = 0.00030350705117854145
rho_mean_host_required = 0.0047201365645218275
