E = 0.40920858563879703
K = 0.41185194555743976
W = -0.002643359918642752
L = [-24.914291168325825, -5.887589811003763, -5.100177825390878]
v_circ_max = 0.11664957316636416
r_circ_max = 4.9102484134865545
N_bound = 345972
bound_mass = 0.019158413394522178
time = 2050.126953125
