pericentre = 29.709602008751883
apocentre = 74.86933738773165
pericentres = [31.5286996782163, 30.522428042999575, 30.038848743856203, 30.130543349051344, 29.954970317940308, 29.705723553912637, 30.16758782483097, 29.709602008751883]
apocentres = [79.64821449962416, 77.09280882193481, 76.12629291915773, 75.49130214877438, 75.35583881655556, 75.05787699507894, 74.9534848238117, 74.86403047318207, 74.86933738773165]
period = 1.1724403108723958
idx_f = 206
idx_peri = 189
t_last_peri = 0.8016651123046881
t_f_gyr = 9.666348583984375
ra_f = 227.4697560510861
dec_f = 67.20929121634737
distance_f = 64.6933875706748
pmra_f = -0.15674037795858262
pmdec_f = 0.05058061977513504
radial_velocity_f = 0.05058061977513504
theta0 = 58.125760885073014
idx_peris = [15, 41, 66, 91, 115, 140, 165, 189]
idx_apos = [2, 28, 53, 78, 103, 128, 152, 177, 201]
t_peris = [140.0048828125, 400.087890625, 650.078125, 900.068359375, 1139.9658203125, 1389.9560546875, 1639.9462890625, 1880.1025390625]
t_apos = [10.0927734375, 269.9169921875, 519.9072265625, 769.8974609375, 1019.8876953125, 1269.8779296875, 1510.0341796875, 1760.0244140625, 1999.921875]
chi2_best = 0.15666702533272106
chi2_best_interp = 0.15666702533272106
