pericentre = 46.59081705207443
apocentre = 450.57007887272005
time_last_peri = -391.7782120175867
Lx_f = -46.93386651246801
Ly_f = -9.481047977709315
Lz_f = -11.351480911294416
E_f = -1.3574155824231775
period = -432.1372740595995
dt = -1007.4999999999999
peri_apo_max_err = 0.015317235934453777
x_i = 117.31084442138672
y_i = 112.87641143798828
z_i = -420.1315002441406
v_x_i = 0.15188526164600222
v_y_i = -0.20520516508685474
v_z_i = 0.3086981410115756
pericentre_lmc = 29.380824776958114
apocentre_lmc = 337.9238212311409
time_last_peri_lmc = -590.6204201270152
period_lmc = -590.6204201270151
ra = 227.242
dec = 67.2221
distance = 63.7
pmra = -0.102
pmdec = 0.06
radial_velocity = -244.7
x = -19.689049554194614
y = 43.653685992099014
z = 44.945720119712504
v_x = 25.598309595288665
v_y = 62.81850079881988
v_z = -158.30647259194953
orbit_name = "lmcsat"
idx_i = 1
t_i = -2015.0
ra_err = 0.0045
dec_err = 0.0016
distance_err = 3.6
pmra_err = 0.017
pmdec_err = 0.017
radial_velocity_err = 1
