lastmodel = "orbit_smallperi.1"
dJ_R = -0.1
dJ_z = 1.55
dJ_phi = 0.06
dtheta_R = 0.0
dtheta_z = 0.0
dtheta_phi = 0.0
J_R = 6.725415418599962
J_z = 61.96875841734624
J_phi = -3.031445857200211
theta_R = 3.1382656967929683
theta_z = 2.0283038078136335
theta_phi = 5.672064527192808
x_i = -2.7206242084503174
y_i = -46.00614929199219
z_i = 93.04777526855469
v_x_i = -20.444455714523794
v_y_i = -114.62399328947068
v_z_i = -57.09153267741203
ra = 15.0183
ra_err = 0
dec = -33.7186
dec_err = 0
pmra = 0.134
pmra_err = 0.017
pmdec = -0.198
pmdec_err = 0.017
distance = 82.6
distance_err = 2
radial_velocity = 111.2
radial_velocity_err = 0.3
