pericentre = 42.1227694805271
apocentre = 93.80743555725485
pericentres = [46.1421347617012, 43.49102880559466, 42.84647182285453, 42.38115487256319, 42.319655678210964, 42.1227694805271]
apocentres = [96.78677047119353, 95.00324894659418, 94.87993606374415, 94.49046491709542, 93.80743555725485, 93.70086218655999]
period = 1.5842952539062496
idx_f = 199
idx_peri = 188
t_last_peri = 0.5185809326171889
t_f_gyr = 9.335676977539062
ra_f = 17.839481108346934
dec_f = -35.94547602321653
distance_f = 84.23337147058507
pmra_f = 0.13835414570902108
pmdec_f = -0.19673721950042672
radial_velocity_f = -0.19673721950042672
theta0 = -41.1912640503914
idx_peris = [20, 55, 88, 122, 155, 188]
idx_apos = [37, 71, 105, 139, 172, 205]
t_peris = [189.951171875, 540.0927734375, 870.048828125, 1210.09765625, 1540.0537109375, 1870.009765625]
t_apos = [359.9755859375, 700.0244140625, 1040.0732421875, 1380.1220703125, 1710.078125, 2040.0341796875]
chi2_best = 80.109662325729
chi2_best_interp = 80.109662325729
