theta0 = 49.58712235280318
idx_peris = [15, 43, 70, 97, 124, 151, 177, 204]
t_last_peri = 0.9432072021484377
apocentre = [79.67737357096729, 78.65744551850739, 78.1828394476716, 78.14255775809, 78.04350311242375, 77.91782496860986, 77.7421008975177]
period = 1.2730340613731967
pericentre = 34.8411855870386
idx_peri = 177
idx_f = 197
idx_apos = [29, 56, 84, 110, 137, 164, 191]
t_peris = [140.0048828125, 420.0146484375, 689.931640625, 960.107421875, 1230.0244140625, 1499.94140625, 1760.0244140625, 2029.94140625]
dec0 = 63.61693357126541
distance_f = 62.10272276951684
ra0 = 220.0596412468964
t_apos = [280.009765625, 549.9267578125, 829.9365234375, 1090.01953125, 1359.9365234375, 1630.1123046875, 1900.029296875]
