pericentre = 11.765795608300342
apocentre = 113.80851842076746
pericentres = [13.262461444452413, 14.889519960405082, 11.563342458167304, 13.72891281309026, 13.01001788529112, 11.765795608300342, 11.594229307419567]
apocentres = [115.4760922851285, 114.78728629789475, 114.5260074577668, 114.07308772367108, 113.80851842076746, 113.47456941920606]
period = 323.62748579545456
idx_peris = [18, 50, 83, 115, 148, 180, 212]
idx_apos = [34, 67, 99, 132, 164, 196]
t_peris = [170.0244140625, 489.8876953125, 820.1025390625, 1139.9658203125, 1469.921875, 1790.0439453125, 2109.9072265625]
t_apos = [329.9560546875, 659.912109375, 980.0341796875, 1309.990234375, 1630.1123046875, 1949.9755859375]
idx_f = 183
idx_peri = 180
t_last_peri = 30.01953125
t_f_gyr = 8.581599291992188
ra_f = 210.4990999303803
dec_f = 27.33513625772995
distance_f = 51.15493327723094
pmra_f = -1.1450057629711576
pmdec_f = -0.8526987382488116
radial_velocity_f = -0.8526987382488116
theta0 = -104.453501086023
chi2_best = 3.7304144883513426
chi2_best_interp = 3.725273645234599
