r_h = 1.5315572781447304
r_h_err = 7.893576765206576e6
chi2_sersic = -4.574565781211082e-31
M_sersic = 15.174106218855787
M_sersic_err = 3.1945670965008533e8
n_sersic = 0.8847897973199557
n_sersic_err = 2.372656640606289e7
r_s_exp = 0.9370244768862774
r_s_exp_err = 0.18616706387495838
chi2_exp = +inf
M_exp = 14.497013033138765
M_exp_err = 6.913650068142167
