n_sersic = 0.8451594573833848
n_sersic_em = 0.129579154821298
n_sersic_ep = 0.11766973970987271
log_M_s_sersic = 0.7288448080775726
log_M_s_sersic_em = 0.05430136731079249
log_M_s_sersic_ep = 0.06571438113368966
log_R_h_sersic = 0.39185044859121776
log_R_h_sersic_em = 0.028836517909929194
log_R_h_sersic_ep = 0.027351790022798805
log_Sigma_bg_sersic = -4.218111940689719
log_Sigma_bg_sersic_em = 3.9767206835902416
log_Sigma_bg_sersic_ep = 1.941482209756566
"log_σ_sersic" = -1.2996633269036406
"log_σ_sersic_em" = 0.7243783272759667
"log_σ_sersic_ep" = 0.3228022896026024
chi2_sersic = 2.0701098158636375
lp_sersic = 4.288838381840991
num_params_sersic = 4
log_M_exp2d = 2.566755913724298
log_M_exp2d_em = 0.031908482136875804
log_M_exp2d_ep = 0.031970204484863984
log_R_s_exp2d = 0.15686452868885337
log_R_s_exp2d_em = 0.020462371821424824
log_R_s_exp2d_ep = 0.02252152468079799
"log_σ_exp2d" = -1.2128607893820487
"log_σ_exp2d_em" = 0.6975962452129176
"log_σ_exp2d_ep" = 0.27087967327977425
chi2_exp2d = 1.8516569905866886
lp_exp2d = 5.632692903148994
num_params_exp2d = 2
log_M_exp2d_inner = 2.6568305305499713
log_M_exp2d_inner_em = 0.05870022527386576
log_M_exp2d_inner_ep = 0.073396094968599
log_R_s_exp2d_inner = 0.2558917823939675
log_R_s_exp2d_inner_em = 0.06288740814198057
log_R_s_exp2d_inner_ep = 0.07071848547534759
"log_σ_exp2d_inner" = -1.4599783282312873
"log_σ_exp2d_inner_em" = 0.8180385467223441
"log_σ_exp2d_inner_ep" = 0.4302350987995305
chi2_exp2d_inner = 1.5617697440126688
lp_exp2d_inner = 5.133054972310296
num_params_exp2d_inner = 2
log_M_plummer = 2.5748492369873563
log_M_plummer_em = 0.03607499421092575
log_M_plummer_ep = 0.036469233073720186
log_R_s_plummer = 0.38478721073649497
log_R_s_plummer_em = 0.033491609783243115
log_R_s_plummer_ep = 0.034764799203648555
"log_σ_plummer" = -1.0232501585841545
"log_σ_plummer_em" = 0.3475585270006085
"log_σ_plummer_ep" = 0.18254798522771898
chi2_plummer = 2.2178041644743534
lp_plummer = 4.358140983277593
num_params_plummer = 2
log_M_king = 2.5686422173433994
log_M_king_em = 0.03188545747776583
log_M_king_ep = 0.03158325115480398
log_R_s_king = 0.2447903312160046
log_R_s_king_em = 0.05887610499290505
log_R_s_king_ep = 0.05568741369878258
c_king = 6.855315394968591
c_king_em = 1.0111350614456027
c_king_ep = 1.2959777219419921
"log_σ_king" = -1.2573732475178212
"log_σ_king_em" = 0.7396041145458139
"log_σ_king_ep" = 0.3061767316418935
chi2_king = 1.809459944212817
lp_king = 5.897504865303712
num_params_king = 3
