log_M_exp2d = 2.5918063165475393
log_M_exp2d_em = 0.02835298436015865
log_M_exp2d_ep = 0.027654388230291538
log_R_s_exp2d = 0.1347631355038872
log_R_s_exp2d_em = 0.02460419835068292
log_R_s_exp2d_ep = 0.025861563098163898
"log_σ_exp2d" = -1.8664204546847094
"log_σ_exp2d_em" = 0.6615065684099524
"log_σ_exp2d_ep" = 0.47830664444499726
chi2_exp2d = 0.7257439321912172
lp_exp2d = 10.178064730494794
num_params_exp2d = 2
log_M_exp2d_inner = 2.6099166210344187
log_M_exp2d_inner_em = 0.03625001220337243
log_M_exp2d_inner_ep = 0.039737299278408855
log_R_s_exp2d_inner = 0.1554742814958064
log_R_s_exp2d_inner_em = 0.04792680890078686
log_R_s_exp2d_inner_ep = 0.05320952328904455
"log_σ_exp2d_inner" = -1.8307852793986
"log_σ_exp2d_inner_em" = 0.704234751512629
"log_σ_exp2d_inner_ep" = 0.47392423175025367
chi2_exp2d_inner = 0.6831836554363405
lp_exp2d_inner = 8.136455787389338
num_params_exp2d_inner = 2
