pericentre = 36.99613234570286
apocentre = 82.73198808999408
time_last_peri = -204.02540302882267
Lx_i = -50.23858633178361
Ly_i = -12.591134653020504
Lz_i = -8.950008667073234
E_i = -1.4802656715139633
period = -288.0866308418824
dt = -1059.9999999999995
peri_apo_max_err = 0.026821408165957905
ra = 227.242
dec = 67.2221
distance = 70.1
pmra = -0.124
pmdec = 0.078
radial_velocity = -245.9
x = -20.851204775602195
y = 48.039613627097964
z = 49.45936986486415
v_x = 13.726131186677202
v_y = 57.39878419401367
v_z = -157.7984201657959
orbit_name = "mean"
x_i = 4.880632400512695
y_i = -65.11959838867188
z_i = 50.7767448425293
v_x_i = -0.16530582308769226
v_y_i = 0.37180426716804504
v_z_i = 0.48881733417510986
idx_i = 43
t_i = -2076.5021983390325
ra_err = 0.0045
dec_err = 0.0016
distance_err = 3.6
pmra_err = 0.017
pmdec_err = 0.017
radial_velocity_err = 1
