r_J = 31.251926895465715
r_J_kpc = 0.3734313469713551
peri = 7.357469992652128
r_break = 25
r_break_kpc = 0.3385837618114117
peri_required = 6.906307614857501
rho_mean_host_peri = 0.005391658362531133
rho_mean_host_required = 0.0061103305653948696
