pericentre = 11.207029122106645
apocentre = nan
pericentres = [11.207029122106645, 8.87706664313704, 7.357469992652128]
apocentres = [68.17928136155669, 67.75854959208638, 67.77331666819578]
period = 172.55859375
idx_peris = [10, 28, 45]
idx_apos = [19, 36, 53]
t_peris = [89.94140625, 270.1171875, 440.0390625]
t_apos = [179.8828125, 350.09765625, 520.01953125]
idx_f = 13
idx_peri = 10
t_last_peri = 30.17578125
t_f_gyr = 0.5663525390624999
ra_f = 209.56703990478906
dec_f = 27.8051201603282
distance_f = 41.07786414113573
pmra_f = -1.058322164491568
pmdec_f = -0.8469172056407602
radial_velocity_f = -0.8469172056407602
theta0 = -73.32479623024484
chi2_best = 35.254936508568306
chi2_best_interp = 8.63479970646557
