theta0 = -8.45213312172548
idx_peris = [184]
t_last_peri = 0.22917110156249998
apocentre = [143.27376879283784]
period = nan
pericentre = 38.82958493585439
idx_peri = 184
idx_f = 209
idx_apos = [47]
t_peris = [-48.6046875]
dec0 = -33.602896647685064
distance_f = 56.7350542722584
ra0 = 14.895565721564916
t_apos = [-322.8161328125]
