position_err = 0.12870071272550204
ellipticity = 0.2
ellipticity_err = 0.1
position_angle = 18.0
position_angle_err = 15.0
bins = [0.11278682524568107, 0.7600588671204803, 1.8943487712559939, 2.7726176515893397, 3.4427724102561736, 4.025698055856304, 4.765826692519505, 5.347345499011774, 5.999820331419753, 6.7319091343490856, 7.553326281423631, 8.47497147912134, 9.509074399256953, 10.669356959296655, 11.971215403865932, 13.431924603561509, 15.070867281988598, 16.90979121272688, 18.97309779907274, 21.288165865835584, 23.885714959708665, 26.800212978989602, 30.070333541649337, 33.73946916074588, 37.856307036708856, 42.47547510690862, 47.658266925195136, 53.47345499011784, 59.99820331419764, 67.31909134349098, 75.53326281423644, 84.74971479121356, 95.09074399256968, 106.94242104670488]
