break_radius_arcmin = 273.30644439442307
break_radius_kpc = 5.317270895950125
