position_err = 1.042369349507675
ellipticity = 0.30000001192092896
ellipticity_err = 0.009999999776482582
position_angle = 78.0
position_angle_err = 1.0
bins = [0.08488208724785529, 0.5913236634440091, 0.8737214613809738, 1.046154348844225, 1.1827911871313186, 1.365289609808011, 1.5318801376713154, 1.718797784245848, 1.928522833137166, 2.1638382083226064, 2.4278664018616607, 2.72411090746849, 3.056502709744914, 3.429452445957751, 3.847908932515604, 4.317424832755877, 4.844230337413662, 5.435315835467557, 6.098524672354293, 6.842657226397353, 7.677587684480519, 8.676075098138792, 10.39220075853944, 11.93111163621069, 13.38692743616529, 15.028553985855138, 16.862314913602795, 18.919828515313558, 21.228396746410333, 23.818652904716153, 26.72496811570459, 29.985907416452125, 33.6447414902494, 37.75002084227877, 42.35622003532053, 47.52446053410421, 53.32332175001027, 59.8297510481928, 67.13008479236457, 75.32119397588865, 84.51176964100495, 100.32985682677773]
