position_err = 0.12735098670295766
ellipticity = 0.30000001192092896
ellipticity_err = 0.009999999776482582
position_angle = 78.0
position_angle_err = 1.0
bins = [0.08488208724785529, 0.6277933705230452, 0.9067394138714456, 1.0897165507140891, 1.244412568438063, 1.4481813500015854, 1.6285998940983937, 1.827319135852621, 2.0502857923257576, 2.300458495582623, 2.5811568853994347, 2.8961056588667438, 3.249483994856833, 3.645981009188233, 4.0908579763436945, 4.590018143386011, 5.15008506245994, 5.778490481304934, 6.483572958032371, 7.27468850872549, 8.162334756088432, 9.938536677155497, 11.535470493478515, 13.06615869398026, 14.871749949658971, 16.74614279995042, 18.789481259920326, 21.082144720391515, 23.65455543254399, 26.540847723623123, 29.7793209387234, 33.41294764982853, 37.48994387573303, 42.06440887931734, 47.19704303189744, 52.95595327027282, 59.417556834398525, 66.6675952777309, 74.8022722055485, 83.92952983834427, 100.32985682677773]
