position_err = 0.10673066193652309
ellipticity = 0.30000001192092896
ellipticity_err = 0.009999999776482582
position_angle = 78.0
position_angle_err = 1.0
bins = [0.08488208724785529, 0.5915757873045324, 0.8757119955575542, 1.054698195470111, 1.2008032523490502, 1.3707105910046788, 1.5538224892917138, 1.7434175076947178, 1.9561466171866089, 2.194832603803733, 2.4626426855714185, 2.763130539562879, 3.100283457034892, 3.4785752523602373, 3.9030256278262963, 4.379266782034612, 4.913618145754409, 5.513170236929442, 6.185878747543163, 6.940670110817746, 7.787559949559565, 9.28393657390439, 10.809563475591858, 12.128529702562538, 13.810054209473757, 15.49513567794007, 17.499968724062477, 19.635287858105283, 22.0311553323254, 24.71936285246221, 27.735581299049027, 31.119834058325434, 34.917028108255906, 39.1775499068435, 43.957933989814585, 49.32161314955951, 55.33976014974816, 62.09223214466183, 69.66863033511216, 78.16948892193743, 87.70760913376671, 100.32985682677773]
