position_err = 0.1067306619365234
ellipticity = 0.30000001192092896
ellipticity_err = 0.009999999776482582
position_angle = 78.0
position_angle_err = 1.0
bins = [0.08488208724785529, 0.46326438251513485, 0.6346045571794569, 0.7823337384011869, 0.9453555080289965, 1.060706325884542, 1.1901320722372886, 1.3353501481068752, 1.498287509130774, 1.68110623509485, 1.8862322194185166, 2.116387359286526, 2.3746256735708817, 2.66437382780576, 2.989476603957224, 3.3542479183439675, 3.763528064685877, 4.222747941860908, 4.738001118633574, 5.3161246916102165, 5.9647900093569985, 6.692604466534534, 7.509225718795495, 8.425489834007472, 9.58972812608793, 10.759851929209244, 12.072752430129357, 13.545851020824015, 15.198694824589637, 17.053216074493317, 19.13402314078039, 21.468727068996415, 24.088307961786082, 27.0275260660329, 30.325383020216265, 34.02563938245807, 38.17739530654162, 42.83574207112086, 48.06249310751662, 53.92700422639458, 60.5070939272347, 67.8900760025396, 76.17391813881231, 85.4685418882345, 100.32985682677773]
