f_sat_cen = 0.9068009323722882
PSAT = 0.2
num_per_bin = 20
bin_width = 0.05

[centring_error]
xi_stat = 0.11267138496684685
xi_sys = 0.0348265897722778
eta_stat = 0.06653335302256005
eta_sys = 0.03281926729403699
counts = 1242
