n_sersic = 0.5841697009051758
n_sersic_em = 0.046099089644599744
n_sersic_ep = 0.05479314477433106
log_M_s_sersic = 1.0801637710104988
log_M_s_sersic_em = 0.025499308669899134
log_M_s_sersic_ep = 0.02494734978186708
log_R_h_sersic = 0.4973215505022175
log_R_h_sersic_em = 0.010440823804597321
log_R_h_sersic_ep = 0.010352105466994499
log_Sigma_bg_sersic = -2.106756356519026
log_Sigma_bg_sersic_em = 0.13968313410105893
log_Sigma_bg_sersic_ep = 0.11717731249536323
"log_σ_sersic" = -2.074833363845829
"log_σ_sersic_em" = 0.6319355962971116
"log_σ_sersic_ep" = 0.42919013617259383
chi2_sersic = 0.4868372394065566
lp_sersic = 24.603252474779467
num_params_sersic = 4
log_M_exp2d = 3.0680955320969585
log_M_exp2d_em = 0.02454447696525941
log_M_exp2d_ep = 0.022882029175765872
log_R_s_exp2d = 0.2692067894575626
log_R_s_exp2d_em = 0.01584972622368297
log_R_s_exp2d_ep = 0.0163335049418033
"log_σ_exp2d" = -1.1120564953377405
"log_σ_exp2d_em" = 0.17267296450046787
"log_σ_exp2d_ep" = 0.12809350759259153
chi2_exp2d = 2.3510258884681607
lp_exp2d = 14.233341706952007
num_params_exp2d = 2
log_M_exp2d_inner = 3.158356686123185
log_M_exp2d_inner_em = 0.026177248372619477
log_M_exp2d_inner_ep = 0.028481818806477488
log_R_s_exp2d_inner = 0.365380979130824
log_R_s_exp2d_inner_em = 0.028022913354381063
log_R_s_exp2d_inner_ep = 0.03023417698025016
"log_σ_exp2d_inner" = -1.747923663335948
"log_σ_exp2d_inner_em" = 0.7012374713370431
"log_σ_exp2d_inner_ep" = 0.40493035933353494
chi2_exp2d_inner = 1.1294221301858967
lp_exp2d_inner = 17.36143136248014
num_params_exp2d_inner = 2
log_M_plummer = 3.0851297092452707
log_M_plummer_em = 0.029065647085995572
log_M_plummer_ep = 0.02604010800056411
log_R_s_plummer = 0.5169994503258969
log_R_s_plummer_em = 0.02286628996119877
log_R_s_plummer_ep = 0.021642267838347107
"log_σ_plummer" = -1.0190813298149353
"log_σ_plummer_em" = 0.1388932705317183
"log_σ_plummer_ep" = 0.11965422535885695
chi2_plummer = 2.9991393324707345
lp_plummer = 10.87782758563046
num_params_plummer = 2
log_M_king = 3.0712640942138556
log_M_king_em = 0.023155393548245584
log_M_king_ep = 0.020643736266035884
log_R_s_king = 0.38841861709118986
log_R_s_king_em = 0.04123612927623721
log_R_s_king_ep = 0.03554667169133685
c_king = 6.0566613697659815
c_king_em = 0.6061373316890313
c_king_ep = 0.8151494536040724
"log_σ_king" = -1.1827482657268387
"log_σ_king_em" = 0.31345999490814624
"log_σ_king_ep" = 0.1725858725826157
chi2_king = 2.2362808549386672
lp_king = 13.659642686700614
num_params_king = 3
