log_M_exp2d = 3.0683153314068194
log_M_exp2d_em = 0.02456990678397286
log_M_exp2d_ep = 0.02284677651212741
log_R_s_exp2d = 0.2692089894703416
log_R_s_exp2d_em = 0.015154344330476577
log_R_s_exp2d_ep = 0.015933968994652492
"log_σ_exp2d" = -1.1150958942835463
"log_σ_exp2d_em" = 0.17205523670877998
"log_σ_exp2d_ep" = 0.13100537472848583
chi2_exp2d = 2.349165689312559
lp_exp2d = 14.235121830161855
num_params_exp2d = 2
log_M_exp2d_inner = 3.158224503786419
log_M_exp2d_inner_em = 0.02581551551010719
log_M_exp2d_inner_ep = 0.029171453856013052
log_R_s_exp2d_inner = 0.3658391299910825
log_R_s_exp2d_inner_em = 0.02883006284108891
log_R_s_exp2d_inner_ep = 0.03027659294153029
"log_σ_exp2d_inner" = -1.7149168720574393
"log_σ_exp2d_inner_em" = 0.7129205049324159
"log_σ_exp2d_inner_ep" = 0.3817838094272348
chi2_exp2d_inner = 1.1300766827552027
lp_exp2d_inner = 17.361621492332745
num_params_exp2d_inner = 2
