break_radius_arcmin = 240.12113896406137
break_radius_kpc = 4.518730128387832
