pericentre = 18.173504144818725
apocentre = 145.23402160128168
pericentres = [19.418715935997817, 17.761971270613223, 17.542554511961438, 18.197308605034518, 18.173504144818725]
apocentres = [147.29342261326656, 146.38049437372453, 145.5948913119789, 145.23402160128168]
period = 438.57352120535717
idx_peris = [24, 68, 112, 156, 199]
idx_apos = [46, 90, 134, 178]
t_peris = [230.0634765625, 670.0048828125, 1109.9462890625, 1549.8876953125, 1979.9951171875]
t_apos = [450.0341796875, 889.9755859375, 1329.9169921875, 1770.1171875]
idx_f = 203
idx_peri = 199
t_last_peri = 40.1123046875
t_f_gyr = 9.524806494140623
ra_f = 208.10534406113302
dec_f = 26.423943426863346
distance_f = 58.994469143730136
pmra_f = -1.0468427111866745
pmdec_f = -0.8216114697487973
radial_velocity_f = -0.8216114697487973
theta0 = -110.35009925337718
chi2_best = 5.227094906285934
chi2_best_interp = 1.897460697044237
