position_err = 2.3039119208145005
ellipticity = 0.20999999344348907
ellipticity_err = 0.20999999344348907
position_angle = 56.0
position_angle_err = 24.0
bins = [0.19241674756171714, 1.6896813351660351, 2.463782767988316, 3.079983541287551, 3.51635886209882, 4.1784750886331326, 4.688326160287408, 5.260388471629137, 5.902252941965193, 6.622436722843003, 7.430496215476867, 8.337153878385944, 9.354440507904219, 10.495854879538365, 11.776542868517359, 13.213498426354658, 14.825789080259883, 16.634808947640124, 18.664562623039643, 20.941983704525143, 23.49729218616821, 26.36439545900606, 29.581338241519685, 33.190807409933484, 37.240698427127725, 41.784750886331416, 46.88326160287418, 52.60388471629148, 59.02252941965205, 66.22436722843017, 74.30496215476882, 83.37153878385962, 93.54440507904236, 106.5734765766526]
