position_err = 0.8336526378940532
ellipticity = 0.3499999940395355
ellipticity_err = 0.07000000029802322
position_angle = -65.0
position_angle_err = 21.0
bins = [0.25144260915431177, 1.911012713104289, 2.7023692249400186, 3.155220566455361, 3.9560630937136203, 5.269221048671732, 6.092694732200813, 6.836115925957671, 7.670248224672062, 8.606160057158927, 9.656270404808758, 10.834513593925315, 12.156524195769695, 13.639844487821934, 15.304157229145124, 17.17154683863963, 19.26679244186421, 21.617696674977235, 24.255454608826653, 27.21506768858712, 30.535808181671833, 34.26174029686068, 38.44230488957892, 43.132975512010155, 48.39599451343008, 54.30119895836513, 60.92694732200823, 68.36115925957684, 76.70248224672076, 86.06160057158944, 96.60999476650987]
