# combination of isolation and run scalings
v_scale = 0.49772330117470953
M_scale = 0.8018654195976683
r_scale = 3.236872098546572
