position_err = nan
ellipticity = 0.6100000143051147
ellipticity_err = 0.23000000417232513
position_angle = 31.25
position_angle_err = 13.390000343322754
bins = [0.47420587542115533, 1.774804745071497, 3.607658580646244, 4.654237114401414, 5.316401494108334, 6.816798784215375, 7.856378700022201, 8.81500188540978, 9.890594790136376, 11.097429878555868, 12.451521119061681, 13.970836479717843, 15.6755363522785, 17.588241068337762, 19.73433105738665, 22.142283629692205, 24.84405085290292, 27.875483536573512, 31.276806950626046, 35.09315459024235, 39.37516706992358, 44.179664093677225, 49.57039841796768, 55.61890181206059, 62.40543424114091, 74.90915285250051]
