pericentre = 28.82211954371072
apocentre = 145.787655427952
pericentres = [30.06372031224242, 29.317870380502054, 29.283837804638313, 29.396585276304148, 28.82211954371072]
apocentres = [147.73004941716866, 146.98296478687405, 146.4865480218959, 146.09107162551658, 145.787655427952]
period = 1.9214948791503903
idx_peris = [22, 63, 104, 144, 185]
idx_apos = [42, 83, 124, 165, 205]
t_peris = [209.8779296875, 620.05859375, 1029.98046875, 1430.068359375, 1839.990234375]
t_apos = [409.921875, 820.1025390625, 1230.0244140625, 1639.9462890625, 2040.0341796875]
