[NFW]
v_circ_max=0.337512
r_circ_max=6.53454

