pericentre = 7.114847721025198
apocentre = 97.5459541803663
n_peris = 4
time_last_peri = -27.9628724963361
Lx_f = 16.104110036270015
Ly_f = -4.1150623346824915
Lz_f = 0.0003882438581861436
E_f = -1.521190481008163
period = -264.2664061227813
period_apo = -264.6116267708842
dt = -529.9999999999999
peri_apo_max_err = 0.1393642726901252
x_i = -15.241328239440918
y_i = -59.65663528442383
z_i = -75.62661743164062
v_x_i = 0.03391169756650925
v_y_i = 0.1327095329761505
v_z_i = -0.10983703285455704
ra = 209.47
dec = 26.68
distance = 46.56
pmra = -1.16
pmdec = -0.88
radial_velocity = 188.0
x = 1.7426439313456041
y = 6.8240044247780896
z = 45.009197272909226
v_x = -9.283676889151463
v_y = -36.30766534950223
v_z = 249.97250515615076
orbit_name = "mean"
idx_i = 208
t_i = -952.8089887640449
ra_err = 0.11
dec_err = 0.06
distance_err = 4.257334903760167
pmra_err = 0.03
pmdec_err = 0.02
radial_velocity_err = 2
