position_err = 0.4068646288845118
ellipticity = 0.23000000417232513
ellipticity_err = 0.15000000596046448
position_angle = 76.0
position_angle_err = 32.0
bins = [0.28402598764303405, 1.3425845346913416, 2.2140856617719615, 3.4906791326438755, 3.954960685851153, 5.008011596008714, 5.619081430080007, 6.384772178524259, 7.1638322108179695, 8.037951944060596, 9.018730416028333, 10.119181961158212, 11.35390890285905, 12.739295317471214, 14.293724441005294, 16.037822603514957, 17.994732927964947, 20.190422425411874, 22.654026561464335, 25.418235866209837, 28.519729717687493, 31.999663054949497, 35.904212479098085, 40.2851889887269, 45.20072548039384, 50.71604813683888, 56.90434193879994, 63.847721785242705, 71.63832210817982, 80.3795194406061, 90.18730416028349, 105.06688246291743]
