break_radius_kpc = 4.081867521120035
break_radius_arcmin = 172.96990371632413
r_h_i = 0.3032318820425045
r_h_f = 0.3987900847228076
boundmass_i = 1.0
boundmass_f = 0.9999950006793977
velocity_dispersion_f = 13.558818411643449
velocity_dispersion_i = 15.407859992431097
