pericentre = 11.172909557368156
apocentre = 112.33450922220023
pericentres = [13.233781224990304, 11.56114967801092, 11.518603486043773, 13.235259457021598, 12.786440668860132, 11.172909557368156, 13.773526507093528]
apocentres = [113.99067033946248, 113.09354228212615, 112.67662226018726, 112.3522276430838, 112.33450922220023, 112.31609574039182]
period = 318.16938920454544
idx_peris = [18, 50, 82, 114, 145, 177, 209]
idx_apos = [34, 66, 98, 129, 161, 193]
t_peris = [170.0244140625, 489.8876953125, 810.009765625, 1129.873046875, 1439.90234375, 1760.0244140625, 2079.8876953125]
t_apos = [329.9560546875, 650.078125, 969.94140625, 1279.970703125, 1600.0927734375, 1919.9560546875]
idx_f = 180
idx_peri = 177
t_last_peri = 30.01953125
t_f_gyr = 8.440057202148436
ra_f = 212.40382096611765
dec_f = 28.16548957812677
distance_f = 49.98172249173553
pmra_f = -1.186579911550119
pmdec_f = -0.8457253087236586
radial_velocity_f = -0.8457253087236586
theta0 = -102.75073247528945
chi2_best = 11.09972479397688
chi2_best_interp = 11.088999836961117
