N_tot = 53729.5
N_tot_el = 10508.82
N_tot_ep = 11944.660000000003
M_tot = 14144.270969114637
M_tot_el = 2759.567555149566
M_tot_ep = 3141.519559591219
M_V = -5.090812273807338
M_V_el = 0.2303758314416262
M_V_ep = 0.24548971309090284
distance_modulus = 18.342201845620526
distance_modulus_el = 0.18744359553407364
distance_modulus_ep = 0.1879509848343801
N_memb = 111.67875421776517
N_memb_el = 13.994108746801118
N_memb_ep = 15.284458369472986
M_L = 1.5342225793513422
M_L_el = 0.1814720923472375
M_L_ep = 0.17917681829088727
M_ave = 0.26322021453477673
M_ave_el = 0.0007608592999447383
M_ave_ep = 0.0007487517126011367
m_v = 13.256352892640347
m_v_el = 0.18864291446106485
m_v_ep = 0.1979270989159705
