t_last_peri = 0.4957125195312493
apocentre = 100.67056922434374
period = 1.7972631250000006
theta0 = -39.8474273367768
pericentre = 51.856845902211006
idx_peri = 935
ra0 = 15.013230664659709
idx_f = 1040
dec0 = -33.73932549911554
