distance =  86.00000104897074
dec =  -33.70917000450572
pmra =  0.0989999975643237
pmdec =  -0.15999999542392684
distance_err =  3.0
radial_velocity =  111.39999722288744
ra =  15.039169988700758
pmra_err =  0.02
pmdec_err =  0.02
radial_velocity_err =  1.0
