[CoredNFW]
M_s = 0.5172747907672459
r_s = 1.84964119916947
r_c = 0.184964119916947
r_t = 36.9928239833894
xi = 3
