t_last_peri = 0.49449155273437473
apocentre = 90.06514318250845
period = 1.5481858984375005
theta0 = -40.927912122082745
pericentre = 46.02613097027059
idx_peri = 1556
ra0 = 17.753254249131405
idx_f = 1661
dec0 = -36.44390740020902
