r_h = 1.681117063914948
r_h_err = 0.13280600669783293
chi2_sersic = 1.239755886649874
M_sersic = 99.39957662125411
M_sersic_err = 15.430925203806323
n_sersic = 0.6190503670255446
n_sersic_err = 0.13914270512048083
r_s_exp = 0.8903030301910522
r_s_exp_err = 0.06339629144196142
chi2_exp = 2.256679570333345
M_exp = 75.71724279611618
M_exp_err = 14.709862295068552
r_s_king = 1.8663736147877947
r_s_king_err = 0.6337535127849977
c_king = 3.043826413782968
c_king_err = 1.2708143635965696
chi2_king = 1.2708143635965696
M_king = 81.69303660286721
M_king_err = 51.38828453790751
