lastmodel = "L3M11_9Gyr_smallperi.2"
x_i = 161.05442810058594
y_i = -254.9790802001953
z_i = 147.4358367919922
v_x_i = -6.9834699630737305
v_y_i = -3.892345666885376
v_z_i = -25.197813034057617
dx = 3.3236988236828653
dv = 0.0038238792819161984
ra = 15.0183
ra_err = 0
dec = -33.7186
dec_err = 0
pmra = 0.14
pmra_err = 0.017
pmdec = -0.151
pmdec_err = 0.017
distance = 86.0
distance_err = 2
radial_velocity = 111.2
radial_velocity_err = 0.3
