pericentre = 42.23253001629261
apocentre = 92.98749196875394
pericentres = [43.53557321964231, 42.4694661199092, 42.39554309578889, 42.17166575434467, 42.16973667045965, 42.23253001629261]
apocentres = [94.35863553961376, 93.64420703362586, 93.31711244386776, 93.08147699545628, 92.98749196875394, 92.81038160130323]
period = 1.5747777685546873
idx_f = 195
idx_peri = 185
t_last_peri = 0.4709935058593757
t_f_gyr = 9.1465474609375
ra_f = 17.53379743674498
dec_f = -36.12794283535958
distance_f = 80.54166316661497
pmra_f = 0.1419268604437546
pmdec_f = -0.19618867044230978
radial_velocity_f = -0.19618867044230978
theta0 = -40.38091331733389
idx_peris = [18, 52, 86, 119, 152, 185]
idx_apos = [35, 69, 102, 136, 169, 202]
t_peris = [170.0244140625, 510.0732421875, 850.1220703125, 1180.078125, 1510.0341796875, 1839.990234375]
t_apos = [340.048828125, 680.09765625, 1010.0537109375, 1350.1025390625, 1680.05859375, 2010.0146484375]
chi2_best = 272.36005718428027
chi2_best_interp = 272.36005718428027
