theta0 = -39.75669812830367
idx_peris = [21, 58, 96, 133, 170, 208]
t_last_peri = 0.47221369628906196
apocentre = [98.8569238374135, 98.28464830191135, 98.16008296467062, 98.71018705036809]
period = 1.7656155517578123
pericentre = 50.90031254934799
idx_peri = 170
idx_f = 180
idx_apos = [39, 77, 114, 151, 189]
t_peris = [200.0439453125, 570.1123046875, 950.0146484375, 1320.0830078125, 1689.892578125, 2070.0537109375]
dec0 = -33.50633289072236
distance_f = 82.89590286004916
ra0 = 14.886961058683733
t_apos = [379.90234375, 760.0634765625, 1129.873046875, 1499.94140625, 1880.1025390625]
