lastmodel = "orbit_smallperi.3"
dJ_R = -0.15
dJ_z = -0.36
dJ_phi = 0.21
dtheta_R = -0.01
dtheta_z = 0.02
dtheta_phi = -0.03
J_R = 7.031562564094775
J_z = 38.06851503088764
J_phi = -9.248193054672015
theta_R = 3.1580340395033164
theta_z = 2.907550210094779
theta_phi = 1.978659668027146
x_i = -17.000253677368164
y_i = 75.23945617675781
z_i = 18.702009201049805
v_x_i = 18.15396656394005
v_y_i = 32.48073107004166
v_z_i = -118.59821665287018
ra = 227.24200143381887
ra_err = 0
dec = 67.22210065639148
dec_err = 0
pmra = -0.15799998096803758
pmra_err = 0.017
pmdec = 0.050000021950772085
pmdec_err = 0.017
distance = 64.60000075808816
distance_err = 3.6
radial_velocity = -245.75000505449756
radial_velocity_err = 1.0
