pericentre = 30.128501660924787
apocentre = [77.89408989109002, 76.93387350743103, 76.26071995303826, 76.12791469554591, 76.14827073961627, 76.10231822073833, 76.06058833865697, 76.23910119384117]
period = 1.188901260811942
idx_f = 208
idx_peri = 191
t_last_peri = 0.8016651123046863
t_f_gyr = 0.04601982980993651
ra_f = 222.05417424762337
dec_f = 66.4895952080129
distance_f = 65.49319849332353
pmra_f = -0.18284341579340085
pmdec_f = 0.029887177190238562
radial_velocity_f = 0.029887177190238562
theta0 = 52.67721655226307
idx_peris = [14, 40, 66, 91, 116, 141, 166, 191]
idx_apos = [27, 53, 78, 103, 128, 153, 178, 203]
t_peris = [129.912109375, 389.9951171875, 650.078125, 900.068359375, 1150.05859375, 1400.048828125, 1650.0390625, 1900.029296875]
t_apos = [260.0830078125, 519.9072265625, 769.8974609375, 1019.8876953125, 1269.8779296875, 1520.126953125, 1770.1171875, 2020.107421875]
