pericentre = 13.458405675086734
apocentre = 141.41124675035286
pericentres = [16.68917441863695, 15.9579926772126, 13.893401298995277, 14.508633394664896, 14.534088109406149, 13.458405675086734]
apocentres = [145.15488535954984, 143.6277509753018, 142.68202852857618, 141.97577097129323, 141.41124675035286]
period = 372.2249348958333
idx_peris = [21, 59, 96, 133, 170, 207]
idx_apos = [40, 77, 115, 152, 189]
t_peris = [200.0439453125, 579.9462890625, 950.0146484375, 1320.0830078125, 1689.892578125, 2059.9609375]
t_apos = [389.9951171875, 760.0634765625, 1139.9658203125, 1510.0341796875, 1880.1025390625]
