pericentre = 62.95602088527368
apocentre = 113.3680753889613
time_last_peri = -86.99560332193454
Lx_i = 76.69649721935644
Ly_i = -12.198889553769533
Lz_i = -3.3568961985859858
E_i = -1.1751735092838844
period = -456.4680019540791
dt = -1059.9999999999995
peri_apo_max_err = 0.00919178421795408
ra = 15.0183
dec = -33.7186
distance = 85.3
pmra = 0.063
pmdec = -0.126
radial_velocity = 111.1
x = -5.247315437563378
y = -9.68892861561302
z = -84.67837947698978
v_x = 23.937353656355903
v_y = 176.8804659281746
v_z = -95.87251207736209
orbit_name = "largeperi"
x_i = 5.051334857940674
y_i = 57.70850372314453
z_i = -97.45015716552734
v_x_i = 0.10891515761613846
v_y_i = 0.5797346830368042
v_z_i = 0.3503628671169281
idx_i = 422
t_i = -1683.9863214460186
ra_err = 0.0012
dec_err = 0.0007
distance_err = 2
pmra_err = 0.017
pmdec_err = 0.017
radial_velocity_err = 0.3
