pericentre = 53.043065552264544
apocentre = 101.85029068088012
time_last_peri = -95.44962979861083
Lx_i = 67.70969556881215
Ly_i = -10.161607884412078
Lz_i = -3.199872956009088
E_i = -1.2725640825397262
period = -390.2829307320976
dt = -1060.4453870625664
peri_apo_max_err = 0.0005082506978837387
ra = 15.018
dec = -33.719
distance = 83.158
pmra = 0.099
pmdec = -0.16
radial_velocity = 111.202
x = -5.318877871249774
y = -9.445901720192666
z = -82.55141421482584
v_x = 19.465468046341336
v_y = 159.34236739636916
v_z = -94.12051510567856
orbit_name = "mean"
x_i = 16.12188720703125
y_i = 92.34764862060547
z_i = 39.793724060058594
v_x_i = -0.011725940741598606
v_y_i = -0.2656473219394684
v_z_i = 0.6210848689079285
idx_i = 1270
t_i = -1851.7228180930501
