pericentre = 43.53467295044866
apocentre = 96.2306968027408
time_last_peri = -98.41917383678984
Lx_i = 59.51316603464193
Ly_i = -9.40605257633365
Lz_i = -2.7939241709052
E_i = -1.3509706008738092
period = -346.16399073629526
dt = -1060.4453870625664
peri_apo_max_err = 0.0006360410411190287
ra = 15.018
dec = -33.719
distance = 82.654
pmra = 0.131
pmdec = -0.2
radial_velocity = 111.234
x = -5.335866737377092
y = -9.388652454133158
z = -82.05096451709055
v_x = 17.793698243476825
v_y = 139.9057987322546
v_z = -91.98603521250786
orbit_name = "smallperi"
x_i = -2.955108165740967
y_i = -42.63801574707031
z_i = 86.21805572509766
v_x_i = -0.10385928303003311
v_y_i = -0.5530862212181091
v_z_i = -0.277075856924057
idx_i = 560
t_i = -2002.3211228864138
