pericentre = 53.05682471310671
apocentre = 101.896106674891
time_last_peri = -95.28089887640449
Lx_i = 67.72896232916159
Ly_i = -10.165311674914676
Lz_i = -3.197870499957766
E_i = -1.2722590061696324
period = -390.44455300439665
dt = -1059.9999999999995
peri_apo_max_err = 0.011911621729204569
ra = 15.0183
dec = -33.7186
distance = 83.2
pmra = 0.099
pmdec = -0.16
radial_velocity = 111.2
x = -5.318086617516177
y = -9.450396961535793
z = -82.59317107251523
v_x = 19.466213307260382
v_y = 159.30575522413136
v_z = -94.11455976522963
orbit_name = "mean"
x_i = 16.1314754486084
y_i = 92.46815490722656
z_i = 39.626895904541016
v_x_i = -0.011425389908254147
v_y_i = -0.26373007893562317
v_z_i = 0.6217932105064392
idx_i = 259
t_i = -1852.7992183683439
