pericentre = 62.9561414824703
apocentre = 113.36760246398887
time_last_peri = -86.99560332193454
Lx_i = 76.69645641093308
Ly_i = -12.198915119595227
Lz_i = -3.3569654430970814
E_i = -1.1751751684440257
period = -456.4680019540791
dt = -1059.9999999999995
peri_apo_max_err = 0.009173651481738432
ra = 15.0185
dec = -33.7187
distance = 85.3
pmra = 0.063
pmdec = -0.126
radial_velocity = 111.1
x = -5.247437780883357
y = -9.689189144777092
z = -84.6783538262687
v_x = 23.93729822687927
v_y = 176.88015956902743
v_z = -95.87231486910716
orbit_name = "largeperi"
x_i = 5.050732135772705
y_i = 57.705501556396484
z_i = -97.451416015625
v_x_i = 0.10891753435134888
v_y_i = 0.5797526240348816
v_z_i = 0.350337415933609
idx_i = 422
t_i = -1683.9863214460186
ra_err = 0.0012
dec_err = 0.0007
distance_err = 2
pmra_err = 0.017
pmdec_err = 0.017
radial_velocity_err = 0.3
