ra = 82.85696
ra_err = 0.0
ra_ref = "Carlin2017AJ....154..267C"
dec = -28.04253
dec_err = 0.0
dec_ref = "Carlin2017AJ....154..267C"
distance = 182.8100216142741
distance_err = 9.499151276741685
distance_ref = "Carlin2017AJ....154..267C"
pmra = 0.169
pmra_err = 0.073
pmra_ref = "Pace2022ApJ...940..136P"
pmdec = -0.4
pmdec_err = 0.079
pmdec_ref = "Pace2022ApJ...940..136P"
radial_velocity = 153.7
radial_velocity_err = 4.9
radial_velocity_ref = "Fritz2019A&A...623A.129F"
sigma_v = nan
sigma_v_err = nan
sigma_v_ref = "Fritz2019A&A...623A.129F"
PA = 24.0
PA_err = 9.0
PA_ref = "Carlin2017AJ....154..267C"
ellipticity = 0.3
ellipticity_err = 0.1
ellipticity_ref = "Carlin2017AJ....154..267C"
Mv = -4.199999999999999
Mv_err = 0.2
pmra_gsr = 0.021112401039180904
pmdec_gsr = -0.2738886347937859
radial_velocity_gsr = -25.68009064770301
theta_pm_gsr = -39.64
