ra = 82.86
ra_em = 0.0
ra_ep = 0.0
ra_ref = "MV2020"
dec = -28.029999999999998
dec_em = 0.0
dec_ep = 0.0
dec_ref = "MV2020"
distance = 182.8100216142741
distance_em = 9.029938739336473
distance_ep = 9.499151276741657
distance_modulus = 21.31
distance_modulus_em = 0.11
distance_modulus_ep = 0.11
distance_ref = "Carlin2017AJ....154..267C"
pmra = 0.1899999976158142
pmra_em = 0.05999999865889549
pmra_ep = 0.05999999865889549
pmra_ref = "MV2020"
pmdec = -0.36000001430511475
pmdec_em = 0.05999999865889549
pmdec_ep = 0.05999999865889549
pmdec_ref = "MV2020"
radial_velocity = 153.6999969482422
radial_velocity_em = 4.800000190734863
radial_velocity_ep = 5.0
radial_velocity_ref = "MV2020"
sigma_v = nan
sigma_v_em = nan
sigma_v_ep = nan
sigma_v_ref = "MV2020"
position_angle = 0
position_angle_em = nan
position_angle_ep = nan
postiion_angle_ref = "MV2020"
ellipticity = 0
ellipticity_em = nan
ellipticity_ep = nan
ellipticity_ref = "MV2020"
Mv = -4.5
Mv_em = 0.42000001668930054
Mv_ep = 0.42000001668930054
mv = 16.799999237060547
mv_em = 0.20000000298023224
mv_ep = 0.20000000298023224
mv_ref = "MV2020"
r_h = 1.899999976158142
r_h_em = 0.4000000059604645
r_h_ep = 0.5
r_h_ref = "MV2020"
metallicity = -2.37
metallicity_em = 0.34
metallicity_ep = 0.35
metallicity_ref = "Fritz2019A&A...623A.129F"
pmra_gsr = 0.04211894634061457
pmdec_gsr = -0.23384707247613776
radial_velocity_gsr = -25.662191241098306
theta_pm_gsr = -39.64
MV2020_references = "(232)(248)(266)(267)"
