r_h = 2.18680576640152
r_h_err = 4.966941402944321e6
chi2_sersic = -1.00212137127643e-25
M_sersic = 12.047012854346432
M_sersic_err = 8.146996533899774e7
n_sersic = 0.884752801318443
n_sersic_err = 5.931641601515722e6
r_s_exp = 1.2515709310702297
r_s_exp_err = 0.11034971193625079
chi2_exp = +inf
M_exp = 9.840597858624486
M_exp_err = 4.230375905195766
