lastmodel = "orbit_smallperi.1"
dJ = [0.03, 0.0, 0.2]
"dθ" = [-0.15, 0.0, 0.0]
Ji = [7.199143015265391, 39.4892023670405, -8.931135127630114]
"Θi" = [3.018092465314047, 2.8576907852440945, 2.0367536708548197]
x_i = -17.76369857788086
y_i = 77.23706817626953
z_i = 18.5279541015625
v_x_i = 0.0718703418970108
v_y_i = 0.1902802288532257
v_z_i = -0.5635331869125366
distance_err = 2.9
pmra = -0.15999997243923866
name = "smallperi"
distance = 65.91700157076238
apocentre = 76.19394521916324
ra = 227.24200187512724
pericentre = 30.006101326203055
pmra_err = 0.017
r_i = 76.16837565657904
pmdec_err = 0.017
dec = 67.22209990383536
radial_velocity = -245.2580037810815
radial_velocity_err = 1.0
pmdec = 0.05100001075131097
t_apo_i = 0.29284570312499997
