lastmodel = "L3M11_9Gyr_smallperi.a5"
x_i = 69.49346923828125
y_i = -354.6098937988281
z_i = 114.17628479003906
v_x_i = -4.02055549621582
v_y_i = 32.35932540893555
v_z_i = -22.95913124084473
dJ_R = 1.19
dJ_z = -1.2
dJ_phi = 0.84
dtheta_R = 0.01
dtheta_z = -0.002
dtheta_phi = 0.001
J_R = 97.22120315603384
J_z = 18.505500073858066
J_phi = 3.968336679614313
theta_R = 3.9941829301125873
theta_z = 3.3509562565960342
theta_phi = 5.171918883686366
time_adjust = -1729.09912109375
time_measure = -928.866455078125
ra = 15.0183
ra_err = 0
dec = -33.7186
dec_err = 0
pmra = 0.14
pmra_err = 0.017
pmdec = -0.151
pmdec_err = 0.017
distance = 86.0
distance_err = 2
radial_velocity = 111.2
radial_velocity_err = 0.3
