pericentre = 38.36518343192351
apocentre = 294.02300617214667
pericentres = [5.627514351649753, 38.36518343192351]
apocentres = [294.02300617214667]
period = 5.942023496093749
idx_f = 192
idx_peri = 185
t_last_peri = 0.32522909667968747
t_f_gyr = 0.0
ra_f = 15.96649196453836
dec_f = -38.62089338185746
distance_f = 75.23318832908008
pmra_f = 0.1293033052711872
pmdec_f = -0.1373968447581759
radial_velocity_f = -0.1373968447581759
theta0 = -36.2952987956601
idx_peris = [59, 185]
idx_apos = [104]
t_peris = [-1329.2158203125, -68.9775390625]
t_apos = [-878.99755859375]
chi2_best = 2806.678125554364
chi2_best_interp = 2806.678125554364
