pericentre = 17.190346869768998
apocentre = 143.6815736378361
pericentres = [19.414217581932625, 19.39770569478796, 17.500575318359125, 17.328915713896045, 17.190346869768998]
apocentres = [145.96398133543585, 144.5622887875459, 143.92955699406897, 143.6815736378361]
period = 432.8431919642857
idx_peris = [24, 68, 111, 154, 197]
idx_apos = [46, 89, 132, 176]
t_peris = [230.0634765625, 670.0048828125, 1100.1123046875, 1529.9609375, 1960.068359375]
t_apos = [450.0341796875, 879.8828125, 1309.990234375, 1749.931640625]
idx_f = 201
idx_peri = 197
t_last_peri = 39.853515625
t_f_gyr = 9.429631640624999
ra_f = 206.84788954252807
dec_f = 26.04368420052231
distance_f = 61.532786494068674
pmra_f = -0.973030338943497
pmdec_f = -0.7938057711349212
radial_velocity_f = -0.7938057711349212
theta0 = -111.5239601559266
chi2_best = 13.286467072255126
chi2_best_interp = 2.866228992067216
