name = "largeperi"
ra = 15.018300073249293
dec = -33.718600146601325
distance = 84.9800004466299
pmra = 0.060000006749762906
pmdec = -0.13000001030600716
radial_velocity = 111.42000133277568
distance_err = 2.0
pmra_err = 0.017
pmdec_err = 0.017
radial_velocity_err = 0.2
pericentre = 52.1191127466355
apocentre = 326.2668945510434
t_apo_i = 9.9958
r_i = 85.07371203045662
x_i = -5.258099555969238
y_i = -9.652581214904785
z_i = -84.36063385009766
v_x_i = 25.821828265488147
v_y_i = 176.40357466936112
v_z_i = -96.07627219557763
