name = "smallperi"
ra = 15.018300221083427
dec = -33.71860004615087
distance = 86.21000045012836
pmra = 0.14000000094574616
pmdec = -0.15000000269552616
radial_velocity = 111.39999893671987
distance_err = 2.0
pmra_err = 0.017
pmdec_err = 0.017
radial_velocity_err = 0.2
pericentre = 3.2659539665623596
apocentre = 341.2296769718675
t_apo_i = 9.9958
r_i = 86.29818096308176
x_i = -5.216648101806641
y_i = -9.792292594909668
z_i = -85.58197021484375
v_x_i = 3.3999248653650285
v_y_i = 150.63419992923738
v_z_i = -93.86930228471756
