distance = 80.20913831265902
dec = -33.71788581685998
pmdec_err = 0.017
distance_err = 2.0
pmra = 0.10501067699711768
radial_velocity = 111.63132889731831
ra = 15.018838107059159
pmdec = -0.13574207718692188
radial_velocity_err = 0.2
pmra_err = 0.017
