distance = 84.23700593437306
dec = -33.718314951759886
pmdec_err = 0.017
distance_err = 2.0
pmra = 0.09225447840607877
radial_velocity = 111.31011014409421
ra = 15.016966255567818
pmdec = -0.2056373624717721
radial_velocity_err = 0.2
pmra_err = 0.017
