distance = 88.805401653252
dec = -33.71843030162105
pmdec_err = 0.017
distance_err = 2.0
pmra = 0.10827713904868935
radial_velocity = 111.26316322441782
ra = 15.018000385210298
pmdec = -0.12865778181732013
radial_velocity_err = 0.2
pmra_err = 0.017
