distance = 79.57854285039164
dec = -33.71867144424136
pmdec_err = 0.017
distance_err = 2.0
pmra = 0.13022697919343768
radial_velocity = 111.22538320658633
ra = 15.018934032638034
pmdec = -0.17317041468497507
radial_velocity_err = 0.2
pmra_err = 0.017
