distance = 86.17153434796825
dec = -33.71912550156391
pmdec_err = 0.017
distance_err = 2.0
pmra = 0.04525883456210456
radial_velocity = 111.60147083054598
ra = 15.017954501042768
pmdec = -0.17589831955128027
radial_velocity_err = 0.2
pmra_err = 0.017
