distance = 84.0813624004949
dec = -33.718927409655834
pmdec_err = 0.017
distance_err = 2.0
pmra = 0.10468657758915638
radial_velocity = 111.03999163904237
ra = 15.018342642812248
pmdec = -0.15427223102825027
radial_velocity_err = 0.2
pmra_err = 0.017
