position_err = 1.5936556285303656
ellipticity = 0.550000011920929
ellipticity_err = 0.18000000715255737
position_angle = 150.0
position_angle_err = 14.0
bins = [0.15531454853085322, 1.979782725208785, 3.2665332358016426, 4.16002007817578, 4.90763820201182, 5.621994361778346, 6.307981423896894, 7.077671567006292, 7.941278111669356, 8.910260592037266, 9.997476816905353, 11.217353485023859, 12.586077618625215, 14.121811355374401, 15.844932948901102, 17.77830717584427, 19.947588737546294, 22.381562682352946, 25.112526365716164, 28.176718016478155, 31.61479759615111, 35.472386331902904, 39.80067208252379, 44.65708857021266, 50.10607749117589, 56.21994361778358, 63.07981423896907, 70.77671567006307, 80.50603216266938]
