f_sat_cen = 0.08655077108286278
PSAT = 0.2
num_per_bin = 58
bin_width = 0.05

[centring_error]
xi_sys = -0.4604835085369691
xi_stat = 0.4536594994238176
eta_stat = 1.0435345243123066
counts = 12
eta_sys = 0.9470627125691555
