ra = 189.585
ra_err = 0.0
ra_ref = "Mau2020ApJ...890..136M"
dec = -40.902
dec_err = 0.0
dec_ref = "Mau2020ApJ...890..136M"
distance = 117.70637907805695
distance_err = 3.856226445680889
distance_ref = "MartinezVazquez2021AJ....162..253M"
pmra = -0.14
pmra_err = 0.05
pmra_ref = "Heiger2024ApJ...961..234H"
pmdec = -0.19
pmdec_err = 0.04
pmdec_ref = "Heiger2024ApJ...961..234H"
radial_velocity = 44.8
radial_velocity_err = 0.8
radial_velocity_ref = "Heiger2024ApJ...961..234H"
sigma_v = 4.2
sigma_v_err = 0.6
sigma_v_ref = "Heiger2024ApJ...961..234H"
PA = 20.0
PA_err = 11.0
PA_ref = "Mau2020ApJ...890..136M"
ellipticity = 0.4
ellipticity_err = 0.1
ellipticity_ref = "Mau2020ApJ...890..136M"
Mv = -5.574
Mv_err = 0.11
pmra_gsr = 0.10965564851213408
pmdec_gsr = -0.05301288397531113
radial_velocity_gsr = -143.0781839128989
theta_pm_gsr = -39.64
