r_h = 2.6239804873086237
r_h_err = 0.5941998509618082
chi2_sersic = +inf
M_sersic = 46.10801435343393
M_sersic_err = 13.418467569527444
n_sersic = 0.7411728960453575
n_sersic_err = 0.37461814097418267
r_s_exp = 1.365087303896372
r_s_exp_err = 0.08440806486172625
chi2_exp = 0.39928522519838894
M_exp = 33.52728279915459
M_exp_err = 9.303045014890982
r_s_king = 2.34595709591507
r_s_king_err = 1.7704718542692894
c_king = 4.5500666065771584
c_king_err = 4.015611672221648
chi2_king = 4.015611672221648
M_king = 41.031565812453586
M_king_err = 45.39862460515028
