pericentre = 43.68175875796008
apocentre = 96.47459868971403
time_last_peri = -98.38788470933072
Lx_i = 59.782495506696534
Ly_i = -8.687070396170327
Lz_i = -2.890895422123684
E_i = -1.3487271455148235
period = -347.3610161211529
dt = -1059.9999999999995
peri_apo_max_err = 0.01954842018187719
ra = 15.0183
dec = -33.7186
distance = 82.7
pmra = 0.134
pmdec = -0.196
radial_velocity = 111.4
x = -5.334936898457322
y = -9.39360371056502
z = -82.09669288097368
v_x = 15.949332036975608
v_y = 140.46901777918697
v_z = -92.28056355904575
orbit_name = "smallperi"
x_i = -2.335350275039673
y_i = -42.93864440917969
z_i = 86.360107421875
v_x_i = -0.09741091728210449
v_y_i = -0.5531493425369263
v_z_i = -0.2795259356498718
idx_i = 109
t_i = -2008.1485100146556
ra_err = 0.0012
dec_err = 0.0007
distance_err = 2
pmra_err = 0.017
pmdec_err = 0.017
radial_velocity_err = 0.3
