position_err = 0.9086536792190794
ellipticity = 0.0
ellipticity_err = nan
position_angle = 0.0
position_angle_err = nan
bins = [0.022148994207776707, 1.1771621477799725, 1.6611416556320768, 2.1168460770283595, 2.489949729127219, 2.7937695463649144, 3.373750456197642, 3.785410272063423, 4.2473001823593775, 4.765549185567316, 5.347034131090221, 5.999470970865693, 6.731517145360225, 7.5528864625442464, 8.47447799422212, 9.508520700093108, 10.668735698616693, 11.970518337918081, 13.431142482704155, 15.069989727953155, 16.908806580904468, 18.9719930239973, 21.286926287813085, 23.884324130291873, 26.798652442717177, 30.068582591153067, 33.73750456197649, 37.85410272063431, 42.47300182359386, 47.65549185567326, 53.47034131090233, 59.994709708657055, 67.31517145360239, 75.52886462544262, 84.74477994222138, 95.08520700093128, 106.68735698616716, 119.84458271843432]
