ra = 177.31
ra_em = 0.0
ra_ep = 0.0
ra_ref = "MV2020"
dec = -18.413055555555555
dec_em = 0.0
dec_ep = 0.0
dec_ref = "MV2020"
distance = 117.48977613376806
distance_em = 1.0771527181654363
distance_ep = 1.0871194893297798
distance_modulus = 20.350000381469727
distance_modulus_em = 0.019999999552965164
distance_modulus_ep = 0.019999999552965164
distance_ref = "MV2020"
pmra = -0.07000000029802322
pmra_em = 0.019999999552965164
pmra_ep = 0.019999999552965164
pmra_ref = "MV2020"
pmdec = -0.10999999940395355
pmdec_em = 0.009999999776482582
pmdec_ep = 0.009999999776482582
pmdec_ref = "MV2020"
radial_velocity = 87.5
radial_velocity_em = 0.4000000059604645
radial_velocity_ep = 0.4000000059604645
radial_velocity_ref = "MV2020"
sigma_v = 2.700000047683716
sigma_v_em = 0.30000001192092896
sigma_v_ep = 0.30000001192092896
sigma_v_ref = "MV2020"
position_angle = 0.0
position_angle_em = nan
position_angle_ep = nan
postiion_angle_ref = "MV2020"
ellipticity = 0.05000000074505806
ellipticity_em = 0.05000000074505806
ellipticity_ep = 0.05000000074505806
ellipticity_ref = "MV2020"
Mv = -8.200000762939453
Mv_em = 0.12000000476837158
Mv_ep = 0.12000000476837158
mv = 12.149999618530273
mv_em = 0.10000000149011612
mv_ep = 0.10000000149011612
mv_ref = "MV2020"
r_h = 31.200000762939453
r_h_em = 2.5
r_h_ep = 2.5
r_h_ref = "MV2020"
R_h = 30.4
R_h_err = 2.6
metallicity = -2.16
metallicity_em = 0.04
metallicity_ep = 0.04
metallicity_ref = "Ji2021ApJ...921...32J"
pmra_gsr = 0.13929604094186018
pmdec_gsr = 0.13022937883377694
radial_velocity_gsr = -82.9589653046244
theta_pm_gsr = -39.64
MV2020_references = "(245)(247)(266)(267)"
