ra = 177.31
ra_err = 0.0
ra_ref = "Torrealba2016MNRAS.459.2370T"
dec = -18.413
dec_err = 0.0
dec_ref = "Torrealba2016MNRAS.459.2370T"
distance = 116.5735440441268
distance_err = 3.819113177473838
distance_ref = "Torrealba2016MNRAS.459.2370T"
pmra = -0.072
pmra_err = 0.02
pmra_ref = "Pace2022ApJ...940..136P"
pmdec = -0.112
pmdec_err = 0.013
pmdec_ref = "Pace2022ApJ...940..136P"
radial_velocity = 89.3
radial_velocity_err = 0.3
radial_velocity_ref = "Ji2021ApJ...921...32J"
sigma_v = 2.34
sigma_v_err = 0.42
sigma_v_ref = "Ji2021ApJ...921...32J"
PA = nan
PA_err = nan
PA_ref = "Torrealba2016MNRAS.459.2370T"
ellipticity = nan
ellipticity_err = nan
ellipticity_ref = "Torrealba2016MNRAS.459.2370T"
Mv = -8.182999999999998
Mv_err = 0.1
pmra_gsr = 0.13894104354972378
pmdec_gsr = 0.13011780612331375
radial_velocity_gsr = -81.1588355709349
theta_pm_gsr = -39.64
