r_h = 26.419721456387553
r_h_err = 0.981503361886207
chi2_sersic = 2.644106251696066
M_sersic = 668.320109723643
M_sersic_err = 45.36843867374077
n_sersic = 1.0145185674590387
n_sersic_err = 0.06097298739498161
r_s_exp = 15.849468183157889
r_s_exp_err = 0.37426386561590896
chi2_exp = 2.4830567865337034
M_exp = 673.3092113686486
M_exp_err = 41.784384671686986
r_s_king = 17.50346058409668
r_s_king_err = 1.475236262801142
c_king = 8.1448323131009
c_king_err = 0.7906121211209363
chi2_king = 0.7906121211209363
M_king = 681.4864517968772
M_king_err = 114.21127232837739
