lastmodel = "L3M11_9Gyr_smallperi.a1"
x_i = 76.92469787597656
y_i = -342.677490234375
z_i = 127.61539459228516
v_x_i = -4.600532054901123
v_y_i = 29.07354164123535
v_z_i = -25.616064071655273
dJ_R = 8.89
dJ_z = 0.18
dJ_phi = 0.29
dtheta_R = -0.015
dtheta_z = 0.036
dtheta_phi = -0.033
J_R = 93.8585164669798
J_z = 22.338053107996647
J_phi = 3.182134178497322
theta_R = 3.955326403049551
theta_z = 3.291484544702728
theta_phi = 5.128749482229162
time_adjust = -1379.084716796875
time_measure = -1278.880859375
ra = 15.0183
ra_err = 0
dec = -33.7186
dec_err = 0
pmra = 0.14
pmra_err = 0.017
pmdec = -0.151
pmdec_err = 0.017
distance = 86.0
distance_err = 2
radial_velocity = 111.2
radial_velocity_err = 0.3
