r_h = 5.131114394791152
r_h_err = 1.1576783445318009
chi2_sersic = +inf
M_sersic = 37.33190420357427
M_sersic_err = 11.409577040601143
n_sersic = 0.8281381748777373
n_sersic_err = 0.401901574413136
r_s_exp = 2.803209609603429
r_s_exp_err = 0.1755968004551183
chi2_exp = 0.16230715140608779
M_exp = 30.206695749650706
M_exp_err = 8.734574707753007
r_s_king = 4.015086469888684
r_s_king_err = 2.7439246754622832
c_king = 5.680757945872899
c_king_err = 4.600234394163071
chi2_king = 4.600234394163071
M_king = 34.237542633756675
M_king_err = 34.326054501822284
