lastmodel = "orbit_smallperi.1"
dJ_R = 0.36
dJ_z = 2.08
dJ_phi = -0.69
dtheta_R = 0.0
dtheta_z = 0.01
dtheta_phi = 0.0
J_R = 7.0975419071692984
J_z = 38.17904847523808
J_phi = -9.358193415671167
theta_R = 3.1676201514059996
theta_z = 2.8865149845417806
theta_phi = 2.0095277457299754
x_i = -18.16843032836914
y_i = 74.99334716796875
z_i = 20.72937774658203
v_x_i = 17.401021665334703
v_y_i = 35.00183802843094
v_z_i = -117.69138953685761
ra = 227.24200143381887
ra_err = 0
dec = 67.22210065639148
dec_err = 0
pmra = -0.15799998096803758
pmra_err = 0.017
pmdec = 0.050000021950772085
pmdec_err = 0.017
distance = 64.60000075808816
distance_err = 3.6
radial_velocity = -245.75000505449756
radial_velocity_err = 1.0
