name = "mean"
ra = 209.3000006212516
dec = 26.80000021822951
distance = 46.559998764888434
pmra = -1.1600000366940149
pmdec = -0.8800000167267223
radial_velocity = 197.49999463519248
distance_err = 0.43080150822559915
pmra_err = 0.037
pmdec_err = 0.035
radial_velocity_err = 3.8
pericentre = 6.976324819763105
apocentre = 104.10973239105176
t_apo_i = 1.168942431640625
r_i = 104.10108178375089
x_i = -10.329242706298828
y_i = -43.981605529785156
z_i = -93.78678131103516
v_x_i = 7.035285629332066
v_y_i = 29.7806346654892
v_z_i = -13.409947346150876
