name = "largeperi"
ra = 209.30000026444134
dec = 26.799999909980066
distance = 47.14999890031471
pmra = -1.2500000493694268
pmdec = -0.9400000176125283
radial_velocity = 196.38000980016787
distance_err = 0.43080150822559915
pmra_err = 0.037
pmdec_err = 0.035
radial_velocity_err = 3.8
pericentre = 10.370971852344438
apocentre = 112.5341138966113
t_apo_i = 0.192790087890625
r_i = 112.48459529475339
x_i = -24.32099723815918
y_i = -97.5212631225586
z_i = -50.506202697753906
v_x_i = 5.159479880332947
v_y_i = 20.63515506833792
v_z_i = -38.6452881783247
