name = "smallperi"
ra = 209.29999993295667
dec = 26.799999863139803
distance = 46.0699998820101
pmra = -1.0599999969600808
pmdec = -0.8200000003237299
radial_velocity = 197.93999742427778
distance_err = 0.43080150822559915
pmra_err = 0.037
pmdec_err = 0.035
radial_velocity_err = 3.8
pericentre = 3.9577914748309047
apocentre = 98.0941506748127
t_apo_i = 0.6320586425781249
r_i = 98.08606936670209
x_i = 5.980194091796875
y_i = 28.04387664794922
z_i = 93.8011474609375
v_x_i = -4.021827506646514
v_y_i = -20.71774252206087
v_z_i = 5.232722045853734
