pericentre = 37.07810958549919
apocentre = 82.6799683694094
pericentres = [37.16615231450752, 37.066082542249674, 36.99914260519949, 37.05459360949395, 37.121381638303745, 37.29034731511642, 37.07810958549919]
apocentres = [82.72547661050336, 82.68259830141757, 82.68342520349047, 82.68629659791284, 82.72223974053023, 82.68877228448427, 82.6799683694094]
period = 1.3594955037434893
idx_peris = [15, 44, 73, 102, 131, 159, 188]
idx_apos = [30, 59, 87, 116, 145, 174, 203]
t_peris = [140.0048828125, 430.107421875, 719.951171875, 1010.0537109375, 1299.8974609375, 1579.9072265625, 1870.009765625]
t_apos = [290.1025390625, 579.9462890625, 859.9560546875, 1150.05859375, 1439.90234375, 1730.0048828125, 2020.107421875]
idx_f = 209
idx_peri = 188
t_last_peri = 0.9895744384765628
t_f_gyr = 9.806670483398436
ra_f = 232.13627027919335
dec_f = 68.34691943718083
distance_f = 68.74725971738546
pmra_f = -0.09249212922322131
pmdec_f = 0.10062110482593943
radial_velocity_f = 0.10062110482593943
theta0 = 60.91547633272197
chi2_best = 69.42641503026711
chi2_best_interp = 69.42641503026711
