pericentre = 27.38654378775754
apocentre = 69.36537460003683
pericentres = [29.97665453386292, 29.072598006235342, 28.43601086410065, 28.498176725079972, 28.72809250095485, 28.46858570041491, 28.032326341262696, 27.38654378775754, 26.705483305225002]
apocentres = [73.10698296788277, 72.25112886756077, 71.36895139475831, 70.76999558546737, 70.54167297052209, 69.88827764134382, 69.54432568541509, 69.36537460003683, 68.72586167312218]
period = 1.0932906249999998
idx_peris = [13, 37, 61, 84, 108, 131, 153, 176, 199]
idx_apos = [25, 49, 73, 96, 119, 142, 165, 187, 210]
t_peris = [120.078125, 359.9755859375, 599.873046875, 829.9365234375, 1070.0927734375, 1299.8974609375, 1520.126953125, 1749.931640625, 1979.9951171875]
t_apos = [239.8974609375, 480.0537109375, 719.951171875, 950.0146484375, 1180.078125, 1409.8828125, 1639.9462890625, 1859.9169921875, 2089.98046875]
idx_f = 193
idx_peri = 176
t_last_peri = 0.8016651123046881
t_f_gyr = 9.052592797851561
ra_f = 230.9226004631371
dec_f = 66.80017541690812
distance_f = 53.10541098473535
pmra_f = -0.10483981339265551
pmdec_f = 0.08321399987084578
radial_velocity_f = 0.08321399987084578
theta0 = 62.912373821188
chi2_best = 200.8566907027712
chi2_best_interp = 200.8566907027712
