pericentre = 38.83536062567594
apocentre = []
period = nan
idx_f = 213
idx_peri = 178
t_last_peri = 0.32993949218749996
t_f_gyr = 0.0
ra_f = 14.90747734516786
dec_f = -33.71856348557863
distance_f = 72.69690473232833
pmra_f = 0.13613014440298427
pmdec_f = -0.15881176310282272
radial_velocity_f = -0.15881176310282272
theta0 = -35.76054134482769
idx_peris = [178]
idx_apos = []
t_peris = [-69.9765625]
t_apos = []
