break_radius_arcmin = 109.03728281210796
break_radius_kpc = 2.59861095738085
