t_last_peri = 0.4480815527343758
apocentre = 99.3368247776943
period = 1.7923262109374996
theta0 = -40.12718293170121
pericentre = 51.9887509861673
idx_peri = 346
ra0 = 16.111882976500816
idx_f = 365
dec0 = -34.877619093157826
