theta0 = -38.5161299991996
idx_peris = [481]
t_last_peri = 0.35843546840140383
apocentre = [253.54437621612996]
period = nan
pericentre = 43.345894679383974
idx_peri = 481
idx_f = 519
idx_apos = [161]
t_peris = [-76.80501013183591]
dec0 = -33.923154973075455
distance_f = 76.95825900784668
ra0 = 15.158804408648072
t_apos = [-716.8636000439453]
