[CoredNFW]
M_s = 9.5
r_s = 3.236872098546572
r_c = 3.236872098546572
r_t = 64.73744197093144
xi = 3
