theta0 = -39.9366285109942
idx_peris = [20, 59, 96, 134, 172, 209]
t_last_peri = 0.4234060791015626
apocentre = [99.93507290817674, 99.33340429215934, 98.93658330139782, 98.68283067238792]
period = 1.7812068739149305
pericentre = 51.474581213973984
idx_peri = 172
idx_f = 181
idx_apos = [39, 78, 115, 153, 190]
t_peris = [189.951171875, 579.9462890625, 950.0146484375, 1329.9169921875, 1710.078125, 2079.8876953125]
dec0 = -34.977181904999114
distance_f = 81.68912185226762
ra0 = 16.289673684602082
t_apos = [379.90234375, 769.8974609375, 1139.9658203125, 1520.126953125, 1889.9365234375]
