theta0 = -40.19499547596402
idx_peris = [18, 52, 86, 119, 152, 185]
t_last_peri = 0.4709935058593757
apocentre = [94.29442501719099, 93.60604263275184, 93.24697186806729, 93.09544879038882, 93.04467502876125]
period = 1.5747777685546873
pericentre = 42.26840624649376
idx_peri = 185
idx_f = 195
idx_apos = [35, 69, 102, 135, 169, 202]
t_peris = [170.0244140625, 510.0732421875, 850.1220703125, 1180.078125, 1510.0341796875, 1839.990234375]
dec0 = -36.143444726765935
distance_f = 80.97790746678957
ra0 = 17.543097132739017
t_apos = [340.048828125, 680.09765625, 1010.0537109375, 1340.009765625, 1680.05859375, 2010.0146484375]
