name = "mean"
ra = 15.018299835652098
dec = -33.718599828039956
distance = 83.19999905152916
pmra = 0.09899999683688475
pmdec = -0.15999999666557835
radial_velocity = 111.40000218521624
distance_err = 2.0
pmra_err = 0.017
pmdec_err = 0.017
radial_velocity_err = 0.2
pericentre = 53.03077468331971
apocentre = 101.98626687904148
t_apo_i = 1.2592365234374998
r_i = 101.97659619948841
x_i = 16.145212173461914
y_i = 92.3187484741211
z_i = 40.19710159301758
v_x_i = -2.589936854504049
v_y_i = -55.87746651172638
v_z_i = 128.31219233274462
