ra = 153.268
ra_err = 0.0
ra_ref = "Cicuendez2018A&A...609A..53C"
dec = -1.62
dec_err = 0.0
dec_ref = "Cicuendez2018A&A...609A..53C"
distance = 85.90135215053961
distance_err = 4.0484060024640485
distance_ref = "Lee2009ApJ...703..692L"
pmra = -0.409
pmra_err = 0.009
pmra_ref = "Pace2022ApJ...940..136P"
pmdec = 0.037
pmdec_err = 0.009
pmdec_ref = "Pace2022ApJ...940..136P"
radial_velocity = 224.3
radial_velocity_err = 0.1
radial_velocity_ref = "Walker2009AJ....137.3100W"
sigma_v = 7.9
sigma_v_err = 1.3
sigma_v_ref = "Walker2009AJ....137.3100W"
PA = 52.0
PA_err = 3.0
PA_ref = "Cicuendez2018A&A...609A..53C"
ellipticity = 0.27
ellipticity_err = 0.03
ellipticity_ref = "Cicuendez2018A&A...609A..53C"
Mv = -8.720000000000002
Mv_err = 0.06
pmra_gsr = -0.267100589642967
pmdec_gsr = 0.4699191548010908
radial_velocity_gsr = 62.65487083507014
theta_pm_gsr = -39.64
