r_h = 23.10234483888082
r_h_err = 0.42806849201452196
chi2_sersic = 1.6248893665174762
M_sersic = 1867.5913682124597
M_sersic_err = 77.94842400310644
n_sersic = 1.149915598425734
n_sersic_err = 0.047041220053473005
r_s_exp = 14.115877847666498
r_s_exp_err = 0.21600656907349366
chi2_exp = 2.08249790805916
M_exp = 1992.6758826122127
M_exp_err = 75.20110000621953
r_s_king = 13.563675818391879
r_s_king_err = 0.6103213867669793
c_king = 9.33777730315765
c_king_err = 0.5999160416637743
chi2_king = 0.5999160416637743
M_king = 1976.8379424511654
M_king_err = 182.34051244223275
