position_err = 3.2187756224546558
ellipticity = 0.2800000011920929
ellipticity_err = 0.009999999776482582
position_angle = 46.0
position_angle_err = 1.0
bins = [0.04666556676690162, 1.1425683603071297, 1.5970948263525415, 1.96404925739939, 2.3076290644772968, 2.5930602516482226, 2.9094614554661993, 3.264469445113326, 3.6627949609220427, 4.109723540478771, 4.611185654496384, 5.173835400557421, 5.805138798946218, 6.513472862201993, 7.308236752985666, 8.199976505257778, 9.20052496374175, 10.323158798584146, 11.5827746787011, 12.99608694152413, 14.581849382102837, 16.36110410457107, 18.35746073808434, 20.597409722254376, 23.11067381918809, 25.930602516482278, 29.09461455466205, 32.644694451133326, 36.6279496092205, 41.097235404787796, 46.111856544963935, 51.738354005574315, 58.0513879894623, 65.13472862202006, 73.08236752985681, 81.99976505257796, 92.00524963741768, 103.23158798584167, 115.82774678701116, 129.96086941524143, 145.81849382102845, 163.61104104571066, 183.5746073808433, 205.97409722254355, 254.98731607738725]
