position_err = 3.0042232846634285
ellipticity = 0.2800000011920929
ellipticity_err = 0.009999999776482582
position_angle = 46.0
position_angle_err = 1.0
bins = [0.04666556676690162, 1.128719357835704, 1.5737129895218454, 1.91861378617574, 2.2761899170676934, 2.5539270924460076, 2.865553328666177, 3.2152037165498704, 3.6075179043092143, 4.047701662859684, 4.5415959632373095, 5.095754482735563, 5.7175305682212585, 6.415174810579844, 7.197944525043688, 8.0762265901408, 9.061675275262198, 10.167366885736012, 11.40797327745449, 12.79995654348759, 14.36178745605625, 16.114190562457562, 18.080419187215924, 20.286563989571576, 22.761899170676973, 25.539270924460126, 28.65553328666183, 32.15203716549877, 36.07517904309221, 40.477016628596914, 45.41595963237319, 50.95754482735574, 57.1753056822127, 64.15174810579857, 71.97944525043702, 80.76226590140817, 90.61675275262218, 101.67366885736027, 114.07973277454501, 127.99956543487598, 143.6178745605625, 161.14190562457554, 180.80419187215907, 202.86563989571545, 254.98731607738725]
