position_err = 3.2187756224546553
ellipticity = 0.2800000011920929
ellipticity_err = 0.009999999776482582
position_angle = 46.0
position_angle_err = 1.0
bins = [0.04666556676690162, 0.42159582345126007, 0.6677729525657132, 0.8195278674001052, 0.9956607861202526, 1.1171497762517235, 1.2534626651737433, 1.406408242103463, 1.578016001922469, 1.7705630753408126, 1.9866044450380294, 2.2290068487309798, 2.500986819041624, 2.806153364930667, 3.1485558610537607, 3.532737780502928, 3.963796983934045, 4.447453365080462, 4.990124750267646, 5.599012059069277, 6.282194856134963, 7.048738562104298, 7.90881474623091, 8.873836096926581, 9.956607861202533, 11.171497762517244, 12.534626651737444, 14.064082421034643, 15.780160019224708, 17.70563075340815, 19.866044450380322, 22.29006848730983, 25.00986819041628, 28.061533649306725, 31.48555861053767, 35.32737780502935, 39.63796983934053, 44.47453365080471, 49.90124750267657, 55.99012059069288, 62.821948561349764, 70.48738562104313, 79.08814746230927, 88.738360969266, 99.56607861202552, 111.71497762517262, 125.34626651737456, 140.6408242103465, 157.80160019224707, 177.0563075340814, 198.660444503803, 222.90068487309796, 254.98731607738725]
