log_M_exp2d = 4.312505221628696
log_M_exp2d_em = 0.019509816840973748
log_M_exp2d_ep = 0.018233726931158323
log_R_s_exp2d = 0.9333219661837127
log_R_s_exp2d_em = 0.00799688235733842
log_R_s_exp2d_ep = 0.008419200582486241
"log_σ_exp2d" = -1.1660824602647848
"log_σ_exp2d_em" = 0.11234652129315315
"log_σ_exp2d_ep" = 0.10197144649171364
chi2_exp2d = 4.448008325184121
lp_exp2d = 26.092939634603177
num_params_exp2d = 2
log_M_exp2d_inner = 4.432117585834671
log_M_exp2d_inner_em = 0.018041786435350815
log_M_exp2d_inner_ep = 0.018485237142288113
log_R_s_exp2d_inner = 1.040365331142931
log_R_s_exp2d_inner_em = 0.01901024270247409
log_R_s_exp2d_inner_ep = 0.020375989278359707
"log_σ_exp2d_inner" = -1.83383178370216
"log_σ_exp2d_inner_em" = 0.6330447535853541
"log_σ_exp2d_inner_ep" = 0.3160030603657189
chi2_exp2d_inner = 1.103317280293741
lp_exp2d_inner = 32.10958526834935
num_params_exp2d_inner = 2
