n_sersic = 0.7669135694957709
n_sersic_em = 0.02588996423632306
n_sersic_ep = 0.026261961151918478
log_M_s_sersic = 0.942952096060929
log_M_s_sersic_em = 0.012414156851905944
log_M_s_sersic_ep = 0.012168100338153298
log_R_h_sersic = 1.1916437947300977
log_R_h_sersic_em = 0.0064210459647815465
log_R_h_sersic_ep = 0.0065225473682188895
log_Sigma_bg_sersic = -3.8469366032427184
log_Sigma_bg_sersic_em = 1.1381570668233305
log_Sigma_bg_sersic_ep = 0.46295116129371694
"log_σ_sersic" = -2.3100391379105347
"log_σ_sersic_em" = 0.5870047045778035
"log_σ_sersic_ep" = 0.3844535962099176
chi2_sersic = 0.3986775899284789
lp_sersic = 49.96921080131036
num_params_sersic = 4
log_M_exp2d = 4.312880294248458
log_M_exp2d_em = 0.019942119004396908
log_M_exp2d_ep = 0.017844447610722902
log_R_s_exp2d = 0.9331419558848115
log_R_s_exp2d_em = 0.007876505961930458
log_R_s_exp2d_ep = 0.008335163036668591
"log_σ_exp2d" = -1.1670304299478336
"log_σ_exp2d_em" = 0.11598079312728937
"log_σ_exp2d_ep" = 0.10142243296298314
chi2_exp2d = 4.421167457889543
lp_exp2d = 26.093243118467893
num_params_exp2d = 2
log_M_exp2d_inner = 4.410443703918554
log_M_exp2d_inner_em = 0.01745653624460264
log_M_exp2d_inner_ep = 0.016610573734309853
log_R_s_exp2d_inner = 1.0220095568078857
log_R_s_exp2d_inner_em = 0.01717958148209542
log_R_s_exp2d_inner_ep = 0.01919710712955336
"log_σ_exp2d_inner" = -1.624794149672736
"log_σ_exp2d_inner_em" = 0.49982429286764907
"log_σ_exp2d_inner_ep" = 0.2263232808283715
chi2_exp2d_inner = 1.4464882903997305
lp_exp2d_inner = 31.221765327917385
num_params_exp2d_inner = 2
log_M_plummer = 4.251513321350783
log_M_plummer_em = 0.03819829674810293
log_M_plummer_ep = 0.035453972856239524
log_R_s_plummer = 1.138364284820009
log_R_s_plummer_em = 0.024371246223799714
log_R_s_plummer_ep = 0.023427602018373905
"log_σ_plummer" = -0.7128907655238913
"log_σ_plummer_em" = 0.06680809518179665
"log_σ_plummer_ep" = 0.0723878915537367
chi2_plummer = 19.68247049448703
lp_plummer = -3.2750093573516947
num_params_plummer = 2
log_M_king = 4.230200945371817
log_M_king_em = 0.03997744463744812
log_M_king_ep = 0.04049844199646557
log_R_s_king = 0.9048673027886418
log_R_s_king_em = 0.04448803909643817
log_R_s_king_ep = 0.04450379299487084
c_king = 12.567006588158428
c_king_em = 1.2525665169485585
c_king_ep = 1.414877620791902
"log_σ_king" = -0.6617321249514924
"log_σ_king_em" = 0.06121626185555418
"log_σ_king_ep" = 0.06830764835753012
chi2_king = 30.63918404972768
lp_king = -3.640833270146545
num_params_king = 3
