log_M_exp2d = 4.312053978672131
log_M_exp2d_em = 0.01932361417241424
log_M_exp2d_ep = 0.018166869033482413
log_R_s_exp2d = 0.9332233486578554
log_R_s_exp2d_em = 0.007937582294038625
log_R_s_exp2d_ep = 0.008216819488743754
"log_σ_exp2d" = -1.1648965629471255
"log_σ_exp2d_em" = 0.11326267378291877
"log_σ_exp2d_ep" = 0.10225248874129234
chi2_exp2d = 4.610368169718409
lp_exp2d = 26.40039991373745
num_params_exp2d = 2
log_M_exp2d_inner = 4.4325347901619425
log_M_exp2d_inner_em = 0.01841794353078008
log_M_exp2d_inner_ep = 0.01875162851423262
log_R_s_exp2d_inner = 1.0404203582204101
log_R_s_exp2d_inner_em = 0.018934333231036993
log_R_s_exp2d_inner_ep = 0.02085885898486639
"log_σ_exp2d_inner" = -1.8365910938013341
"log_σ_exp2d_inner_em" = 0.6309670516730699
"log_σ_exp2d_inner_ep" = 0.321126747555486
chi2_exp2d_inner = 1.100070460633965
lp_exp2d_inner = 32.10801737304675
num_params_exp2d_inner = 2
