ra = 114.1066
ra_err = 0.0
ra_ref = "Torrealba2018MNRAS.475.5085T"
dec = -57.9991
dec_err = 0.0
dec_ref = "Torrealba2018MNRAS.475.5085T"
distance = 37.39383436431516
distance_err = 0.3981764318727343
distance_ref = "Torrealba2018MNRAS.475.5085T"
pmra = 1.88
pmra_err = 0.01
pmra_ref = "MV2020b"
pmdec = 0.12
pmdec_err = 0.01
pmdec_ref = "MV2020b"
radial_velocity = 477.2
radial_velocity_err = 1.2
radial_velocity_ref = "Li2018ApJ...857..145L"
sigma_v = 3.4
sigma_v_err = 1.2
sigma_v_ref = "Li2018ApJ...857..145L"
PA = 170.0
PA_err = 9.0
PA_ref = "Torrealba2018MNRAS.475.5085T"
ellipticity = 0.34
ellipticity_err = 0.07
ellipticity_ref = "Torrealba2018MNRAS.475.5085T"
Mv = -4.574000000000002
Mv_err = 0.1
pmra_gsr = 1.5798709367468218
pmdec_gsr = -0.08198099319136702
radial_velocity_gsr = 240.20110552590415
theta_pm_gsr = -39.64

r_h = 8.69
r_h_err = 0.75
r_h_ref = "MV2020"
