r_h = 7.981513749525785
r_h_err = 0.5306037807585914
chi2_sersic = 2.2307380867858333
M_sersic = 101.48359048285326
M_sersic_err = 16.8023240499006
n_sersic = 0.5014805184425207
n_sersic_err = 0.13479601308381184
r_s_exp = 4.7628384777322745
r_s_exp_err = 0.5119327317042527
chi2_exp = 3.3129101979156985
M_exp = 77.8108459310977
M_exp_err = 17.52992630937768
r_s_king = 12.397062452480851
r_s_king_err = 6.020668502029735
c_king = 1.8178663561330992
c_king_err = 1.1018437924414386
chi2_king = 1.1018437924414386
M_king = 76.42630427505316
M_king_err = 72.59079321406047
