lastmodel = "orbit_smallperi"
dJ_R = 0.3
dJ_z = 3.0
dJ_phi = -0.23
dtheta_R = 0.0
dtheta_z = 0.0
dtheta_phi = 0.0
J_R = 6.813019776450522
J_z = 60.460013843460736
J_phi = -3.0914456600804954
theta_R = 3.1368869569762046
theta_z = 2.0287596059897743
theta_phi = 5.671495198504787
x_i = -2.5106496810913086
y_i = -45.313907623291016
z_i = 91.36589813232422
v_x_i = -20.466083039343356
v_y_i = -114.00729002952576
v_z_i = -56.83924891352654
ra = 15.0183
ra_err = 0
dec = -33.7186
dec_err = 0
pmra = 0.134
pmra_err = 0.017
pmdec = -0.198
pmdec_err = 0.017
distance = 82.6
distance_err = 2
radial_velocity = 111.2
radial_velocity_err = 0.3
