pericentre = 39.334637937655984
apocentre = 87.66432248232954
pericentres = [43.42615617482096, 40.79237319647298, 40.25684736595408, 40.05776830031553, 39.682096584351285, 39.334637937655984, 39.55181913280492]
apocentres = [91.19387857900617, 89.35148187029365, 88.72746525812836, 88.34593984836314, 87.66432248232954, 87.65082005678137]
period = 1.4702185413707385
idx_f = 186
idx_peri = 175
t_last_peri = 0.5185809326171871
t_f_gyr = 8.723141381835937
ra_f = 17.27571679875736
dec_f = -35.78444847030976
distance_f = 82.42337720084764
pmra_f = 0.152604715616729
pmdec_f = -0.2164280404985343
radial_velocity_f = -0.2164280404985343
theta0 = -40.970406829987674
idx_peris = [18, 51, 82, 114, 144, 175, 205]
idx_apos = [34, 67, 98, 129, 160, 190]
t_peris = [170.0244140625, 499.98046875, 810.009765625, 1129.873046875, 1430.068359375, 1740.09765625, 2040.0341796875]
t_apos = [329.9560546875, 659.912109375, 969.94140625, 1279.970703125, 1590.0, 1889.9365234375]
chi2_best = 348.0569387344169
chi2_best_interp = 348.0569387344169
