break_radius_arcmin = 73.85703735609343
break_radius_kpc = 1.218903922300656
