pericentre = 43.29267977913645
apocentre = 287.71724770362766
pericentres = [15.44484651846039, 43.29267977913645]
apocentres = [287.71724770362766]
period = 5.89478485961914
idx_f = 193
idx_peri = 185
t_last_peri = 0.3772126623535156
t_f_gyr = 0.052168896484375
ra_f = 17.0248211576166
dec_f = -33.25167891116878
distance_f = 79.65734895119283
pmra_f = 0.11180681882994038
pmdec_f = -0.1397555907708471
radial_velocity_f = -0.1397555907708471
theta0 = -37.895390361386774
idx_peris = [60, 185]
idx_apos = [104]
t_peris = [-1319.15771484375, -68.938232421875]
t_apos = [-878.90625]
