distance = 95.11513615991718
dec = -33.70560003819883
pmdec_err = 0.028
distance_err = 6.0
pmra = 0.06178810434961849
radial_velocity = 111.62362271711275
ra = 15.038499991873355
pmdec = -0.05185535221180706
radial_velocity_err = 0.2
pmra_err = 0.028
