gc_d = 8.2
gc_v_sun_x = 10.9
distance_err = 6.0
pmra = 0.1250000002236141
gc_dec = -28.936175
distance = 82.30000296480144
gc_v_sun_z = 7.9
ra = 15.038499952659985
pmra_err = 0.028
pmdec_err = 0.028
gc_v_sun_y = 213.3
dec = -33.70559968889745
radial_velocity = 111.8000013313809
radial_velocity_err = 0.2
pmdec = -0.16400000296091233
gc_ra = 266.4051
gc_z_sun = 0.0
