theta0 = -38.480642217727976
idx_peris = [481]
t_last_peri = 0.35843546840140383
apocentre = [253.58043359091096]
period = nan
pericentre = 43.24886402870158
idx_peri = 481
idx_f = 519
idx_apos = [163]
t_peris = [-76.80501013183591]
dec0 = -33.86148055073751
distance_f = 76.90224693427251
ra0 = 15.0767347983513
t_apos = [-712.8765241101074]
