r_J = 166.60835266221895
r_J_kpc = 3.4441399221631297
peri = 38.87195086399286
r_break = 25
r_break_kpc = 0.6050474740247008
peri_required = 10.270271100732145
rho_mean_host_peri = 0.00014719849376281167
rho_mean_host_required = 0.0024200244943656793
