r_J = 144.87837873920256
r_J_kpc = 2.994936328826144
peri = 19.019965114523053
r_break = 25
r_break_kpc = 0.6050474740247008
peri_required = 3.9074406730269673
rho_mean_host_peri = 0.00019215884838698856
rho_mean_host_required = 0.0024200244943656797
