theta0 = -37.137763010055934
idx_peris = [347]
t_last_peri = 0.32465906054687493
apocentre = []
period = nan
pericentre = 38.87195086399286
idx_peri = 347
idx_f = 416
idx_apos = []
t_peris = [-68.856640625]
dec0 = -33.72269387849705
distance_f = 71.06535000410406
ra0 = 14.89606741145933
t_apos = []
