pericentre = 38.87195086399286
apocentre = []
period = nan
idx_f = 416
idx_peri = 347
t_last_peri = 0.32465906054687493
t_f_gyr = 0.0
ra_f = 14.89606741145933
dec_f = -33.72269387849705
distance_f = 71.06535000410406
pmra_f = 0.12557557453722323
pmdec_f = -0.16478262104487176
radial_velocity_f = -0.16478262104487176
theta0 = -37.137763010055934
idx_peris = [347]
idx_apos = []
t_peris = [-68.856640625]
t_apos = []
