pericentre = 29.874736576143313
apocentre = 74.99451238034807
pericentres = [31.520898835756718, 30.539559009132397, 30.030158413346914, 30.021473405332088, 30.09986662124584, 29.722042843402154, 29.965909096388337, 29.874736576143313]
apocentres = [79.64319825958496, 77.10880528511878, 76.2003152728562, 75.54509687292418, 75.43127897765014, 75.19485065744098, 74.9976893383024, 74.9351092779496, 74.99451238034807]
period = 1.1756128059895834
idx_peris = [15, 41, 66, 91, 115, 140, 165, 189]
idx_apos = [2, 28, 53, 78, 103, 128, 152, 177, 202]
t_peris = [140.0048828125, 400.087890625, 650.078125, 900.068359375, 1139.9658203125, 1389.9560546875, 1639.9462890625, 1880.1025390625]
t_apos = [10.0927734375, 269.9169921875, 519.9072265625, 769.8974609375, 1019.8876953125, 1269.8779296875, 1510.0341796875, 1760.0244140625, 2010.0146484375]
idx_f = 206
idx_peri = 189
t_last_peri = 0.8016651123046881
t_f_gyr = 9.666348583984375
ra_f = 225.3810051935134
dec_f = 66.60532236994602
distance_f = 65.5261791526656
pmra_f = -0.1699950168803934
pmdec_f = 0.03828429986426928
radial_velocity_f = 0.03828429986426928
theta0 = 55.83568360692997
chi2_best = 13.712422928533451
chi2_best_interp = 0.44750442583626704
