pericentre = 8.32166108467381
apocentre = 93.05908810267462
pericentres = [8.738904950868468, 8.32166108467381, 6.564484701248113]
apocentres = [93.05908810267462, 92.33690427214033, 92.21014212445672]
period = 247.4609375
idx_peris = [14, 39, 64]
idx_apos = [27, 52, 76]
t_peris = [130.078125, 380.078125, 630.078125]
t_apos = [260.15625, 510.15625, 750.0]
idx_f = 42
idx_peri = 39
t_last_peri = 30.078125
t_f_gyr = 1.9338867187499997
ra_f = 210.92358956989443
dec_f = 27.231260119970166
distance_f = 45.751267886734574
pmra_f = -1.162994807608099
pmdec_f = -0.8636337767382553
radial_velocity_f = -0.8636337767382553
theta0 = -96.76318882938592
chi2_best = 3.861120863948869
chi2_best_interp = 3.790230188121795
