name = "largeperi"
ra = 15.018300060044368
dec = -33.71859994799085
distance = 85.39999666909972
pmra = 0.06399999571719561
pmdec = -0.12599999639958698
radial_velocity = 111.39999642479162
distance_err = 2.0
pmra_err = 0.017
pmdec_err = 0.017
radial_velocity_err = 0.2
pericentre = 62.83435794274384
apocentre = 113.51080173307211
t_apo_i = 2.05480068359375
r_i = 113.51013464123466
x_i = 4.957921028137207
y_i = 57.70705032348633
z_i = -97.62103271484375
v_x_i = 22.38310679793358
v_y_i = 119.99839895963669
v_z_i = 72.60604464411736
