gc_d = 8.122
gc_v_sun_x = 12.171
distance_err = 2.0
pmra = 0.0659999989508539
gc_dec = -28.936175
name = "largeperi"
distance = 82.76000264493705
gc_v_sun_z = 7.775
ra = 15.01830005292755
pmra_err = 0.017
pmdec_err = 0.017
gc_v_sun_y = 244.604
dec = -33.71859999886904
radial_velocity = 111.38199841960798
radial_velocity_err = 0.2
pmdec = -0.12499999640870872
gc_ra = 266.4051
gc_z_sun = 0.0208
