break_radius_arcmin = 89.90578520562627
break_radius_kpc = 2.1305325546190956
