distance = 82.04927978451522
dec = -33.330912936013
pmdec_err = 0.017
distance_err = 2.0
pmra = 0.08325872764210603
radial_velocity = 111.5062680698166
ra = 14.915643622742065
pmdec = -0.09622788601172044
radial_velocity_err = 0.2
pmra_err = 0.017
