distance = 85.74918957983549
dec = -34.06268117708631
pmdec_err = 0.017
distance_err = 2.0
pmra = 0.6179961705385767
radial_velocity = 111.36193064921899
ra = 15.16653662770738
pmdec = -0.5267731643389417
radial_velocity_err = 0.2
pmra_err = 0.017
