distance = 84.25922044639637
dec = -33.558184712482735
pmdec_err = 0.017
distance_err = 2.0
pmra = -0.2919167352317805
radial_velocity = 100.10610955666955
ra = 15.184024695068182
pmdec = -0.8195230310502618
radial_velocity_err = 0.2
pmra_err = 0.017
