pericentre = 11.1771801519875
apocentre = nan
pericentres = [11.1771801519875, 6.442428644902011]
apocentres = [68.52906643493971]
period = 0.8495288085937499
idx_peris = [10, 28]
idx_apos = [19]
t_peris = [89.94140625, 270.1171875]
t_apos = [179.8828125]
idx_f = 13
idx_peri = 10
t_last_peri = 0.14227880859374997
t_f_gyr = 0.5663525390624999
ra_f = 209.31046681689477
dec_f = 27.832131559029374
distance_f = 41.060724815172094
pmra_f = -1.0593303504314486
pmdec_f = -0.8515319551733013
radial_velocity_f = -0.8515319551733013
theta0 = -74.04319707727993
chi2_best = 33.151982668504566
chi2_best_interp = 8.087893318232114
