pericentre = 21.302028520205933
apocentre = 160.14144976333102
pericentres = [28.483658276669402, 21.302028520205933, 77.04808519053175]
apocentres = [109.425715256892, 105.68306979026589, 160.14144976333102]
period = 2.699333183288574
idx_f = 117
idx_peri = 68
t_last_peri = 2.3102348876953123
t_f_gyr = -4.0313134887695306
ra_f = 233.00062337438646
dec_f = 68.13746356154248
distance_f = 156.73874407344337
pmra_f = -0.07329030356119137
pmdec_f = 0.016186055561064023
radial_velocity_f = 0.016186055561064023
theta0 = 64.47883926425529
idx_peris = [31, 68, 161]
idx_apos = [11, 50, 110]
t_peris = [-1714.91455078125, -1344.97314453125, -415.2001953125]
t_apos = [-1915.135498046875, -1525.0244140625, -924.853515625]
chi2_best = 716.6405073228824
chi2_best_interp = 716.6405073228824
