position_err = nan
ellipticity = 0.6399999856948853
ellipticity_err = 0.05000000074505806
position_angle = 3.0
position_angle_err = 4.0
bins = [0.43641542239796566, 4.44542590947249, 7.074048450171331, 8.418471717080514, 9.744989633593661, 11.268592279061291, 12.64356849111139, 14.18631717525781, 15.917309669220167, 17.859515191704112, 20.03870562997828, 22.483797517160287, 25.227235737042513, 28.305424047987696, 31.75920813868478, 35.63441762562144, 39.982474184250414, 44.86107388338081, 50.334952776957124, 56.47674591216376, 63.367951152370715, 71.82506150331835]
