pericentre = 14.87771513377094
apocentre = 149.3207911996429
pericentres = [16.71411469409133, 15.659961991954075, 15.080939538106671, 14.88320910697846, 14.87771513377094]
apocentres = [149.65132116721395, 149.6070338127011, 149.45905402264592, 149.3404053859471, 149.3207911996429]
period = 391.2567138671875
idx_peris = [21, 60, 99, 138, 177]
idx_apos = [40, 79, 118, 157, 197]
t_peris = [200.0439453125, 590.0390625, 980.0341796875, 1370.029296875, 1760.0244140625]
t_apos = [389.9951171875, 779.990234375, 1169.9853515625, 1559.98046875, 1960.068359375]
