[mean]
ra_median = 15.018291871554943
ra_sem = 7.602253723335745e-6
dec_median = -33.71859528584981
dec_sem = 4.4390186752098925e-6
distance_median = 83.18195465999673
distance_sem = 0.012110883736776216
pmra_median = 0.09900292784090989
pmra_sem = 0.00010725740337195099
pmdec_median = -0.16015771057294914
pmdec_sem = 0.00010724320357481624
radial_velocity_median = 111.19577178911081
radial_velocity_sem = 0.0018994449088800055
ra_relative_residual = -0.0033868521069161757
dec_relative_residual = 0.003367250138402207
distance_relative_residual = -0.00451133500081724
pmra_relative_residual = 8.611296793774069e-5
pmdec_relative_residual = -0.0046385462632099386
radial_velocity_relative_residual = -0.007047018148658898
pericentre_lmc = 28.710191587076565
quantile = 0.5
n_samples = 100000

[smallperi]
ra_median = 15.017995316828163
ra_sem = 0.00014891102518118979
dec_median = -33.71879869869119
dec_sem = 8.647181214330942e-5
distance_median = 73.0818099292708
distance_sem = 0.0891401868881184
pmra_median = 0.13655358990626024
pmra_sem = 0.0019499261610511373
pmdec_median = -0.1560868946140087
pmdec_sem = 0.002151944477799799
radial_velocity_median = 111.24019422555182
radial_velocity_sem = 0.036583460370619075
ra_relative_residual = -0.12695132159882644
dec_relative_residual = -0.141927636561385
distance_relative_residual = -2.5295475176822997
pmra_relative_residual = 1.1045173501841243
pmdec_relative_residual = 0.11509133488209689
radial_velocity_relative_residual = 0.06699037591969179
pericentre_lmc = 20.130808024343615
quantile = 0.001349898031630093
n_samples = 270

[largeperi]
ra_median = 15.018198019400057
ra_sem = 0.00014329614682227846
dec_median = -33.718643825552405
dec_sem = 8.257199688221577e-5
distance_median = 95.31751751402487
distance_sem = 0.11104980066103873
pmra_median = 0.0681174127574769
pmra_sem = 0.001990612538159413
pmdec_median = -0.1545328028032515
pmdec_sem = 0.002105287249092735
radial_velocity_median = 111.08833528153156
radial_velocity_sem = 0.035407403499830924
ra_relative_residual = -0.04249191664307262
dec_relative_residual = -0.03130396600222899
distance_relative_residual = 3.029379378506217
pmra_relative_residual = -0.9083113894859736
pmdec_relative_residual = 0.16079991755142686
radial_velocity_relative_residual = -0.18610786411407787
pericentre_lmc = 39.38575084812991
quantile = 0.9986501019683699
n_samples = 270
