[mean]
ra_median = 15.018291871554943
ra_sem = 7.602253723335745e-6
dec_median = -33.71859528584981
dec_sem = 4.4390186752098925e-6
distance_median = 83.18195465999673
distance_sem = 0.012110883736776216
pmra_median = 0.09900292784090989
pmra_sem = 0.00010725740337195099
pmdec_median = -0.16015771057294914
pmdec_sem = 0.00010724320357481624
radial_velocity_median = 111.19577178911081
radial_velocity_sem = 0.0018994449088800055
ra_relative_residual = -0.0033868521069161757
dec_relative_residual = 0.003367250138402207
distance_relative_residual = -0.00451133500081724
pmra_relative_residual = 8.611296793774069e-5
pmdec_relative_residual = -0.0046385462632099386
radial_velocity_relative_residual = -0.007047018148658898
pericentre = 43.961220296524644
quantile = 0.5
n_samples = 100000

[smallperi]
ra_median = 15.01807127282004
ra_sem = 0.000142542151692621
dec_median = -33.718382306582946
dec_sem = 8.238105904065567e-5
distance_median = 83.97021319346615
distance_sem = 0.23306782507047105
pmra_median = 0.16644279116844407
pmra_sem = 0.0013607525569646307
pmdec_median = -0.23723486804663035
pmdec_sem = 0.0011986507813970862
radial_velocity_median = 111.23390970314533
radial_velocity_sem = 0.034783633856406065
ra_relative_residual = -0.09530299165024422
dec_relative_residual = 0.15549529789739477
distance_relative_residual = 0.192553298366537
pmra_relative_residual = 1.983611504954237
pmdec_relative_residual = -2.271613766077363
radial_velocity_relative_residual = 0.0565161719088773
pericentre = 28.33369943290513
quantile = 0.001349898031630093
n_samples = 270

[largeperi]
ra_median = 15.018694697470735
ra_sem = 0.00015210084241955174
dec_median = -33.718675828706154
dec_sem = 7.562524473013558e-5
distance_median = 88.65092530797675
distance_sem = 0.2259902353788728
pmra_median = 0.027489316512487844
pmra_sem = 0.0017250099003349834
pmdec_median = -0.097132900808449
pmdec_sem = 0.0017909029120647764
radial_velocity_median = 111.03758751917675
radial_velocity_sem = 0.03360902190576761
ra_relative_residual = 0.16445727947308106
dec_relative_residual = -0.05416336153680439
distance_relative_residual = 1.3627313269941865
pmra_relative_residual = -2.103255396691534
pmdec_relative_residual = 1.8490323291632649
radial_velocity_relative_residual = -0.2706874680387491
pericentre = 60.84155989455489
quantile = 0.9986501019683699
n_samples = 270
