r_h = 10.631543941077974
r_h_err = 1.145050165967163
chi2_sersic = 2.3177526837863995
M_sersic = 88.79105169529565
M_sersic_err = 14.844265332547874
n_sersic = 0.9193370256110663
n_sersic_err = 0.19119309813297605
r_s_exp = 6.080752378226272
r_s_exp_err = 0.25071506014279055
chi2_exp = 1.607625068718806
M_exp = 81.17531073329499
M_exp_err = 13.783508661664731
r_s_king = 7.006449810306687
r_s_king_err = 2.1160142687653827
c_king = 7.438700822362723
c_king_err = 2.648518604820909
chi2_king = 2.648518604820909
M_king = 83.4987526722342
M_king_err = 41.23241729434704
