pericentre = 10.484692758473756
apocentre = 142.55672721524044
pericentres = [11.568658789892291, 11.821047776177993, 12.875955965331874, 10.67379104467416, 10.562357567378044, 10.484692758473756]
apocentres = [145.59900828457634, 143.90342187944833, 143.16409114615718, 142.29744371376074, 142.55672721524044]
period = 1.7341617540147567
idx_peris = [20, 58, 95, 131, 168, 204]
idx_apos = [39, 76, 113, 149, 186]
t_peris = [189.951171875, 570.1123046875, 939.921875, 1299.8974609375, 1669.9658203125, 2029.94140625]
t_apos = [379.90234375, 749.970703125, 1120.0390625, 1480.0146484375, 1850.0830078125]
