n_sersic = 1.7063537040235746
n_sersic_em = 0.7526120831836998
n_sersic_ep = 1.3884037383721912
log_M_s_sersic = -0.9808573969554835
log_M_s_sersic_em = 0.3397083555038738
log_M_s_sersic_ep = 0.411962293496844
log_R_h_sersic = 1.081831526203493
log_R_h_sersic_em = 0.24086831780180218
log_R_h_sersic_ep = 0.17942901415020085
log_Sigma_bg_sersic = -3.7375772480859495
log_Sigma_bg_sersic_em = 4.0596623186468594
log_Sigma_bg_sersic_ep = 2.3093319022040806
"log_σ_sersic" = -1.5826085942318957
"log_σ_sersic_em" = 0.7745286219553122
"log_σ_sersic_ep" = 0.5671251543207769
chi2_sersic = 0.0863126398655273
lp_sersic = -17.772297926635545
num_params_sersic = 4
log_M_exp2d = 2.3501923666142455
log_M_exp2d_em = 0.12590205603734583
log_M_exp2d_ep = 0.13197667668352686
log_R_s_exp2d = 0.9608726359494364
log_R_s_exp2d_em = 0.09599698705512127
log_R_s_exp2d_ep = 0.12113773543727646
"log_σ_exp2d" = -1.5796982291947022
"log_σ_exp2d_em" = 0.7633605929539506
"log_σ_exp2d_ep" = 0.5484027655446004
chi2_exp2d = 0.08774437250159217
lp_exp2d = -12.044810272074628
num_params_exp2d = 2
log_M_exp2d_inner = 2.3217315497106927
log_M_exp2d_inner_em = 0.19051586942719245
log_M_exp2d_inner_ep = 0.37323761944076583
log_R_s_exp2d_inner = 0.8793614629858558
log_R_s_exp2d_inner_em = 0.19978796992763237
log_R_s_exp2d_inner_ep = 0.3457390640081751
"log_σ_exp2d_inner" = -1.5588140166339284
"log_σ_exp2d_inner_em" = 0.7884002434098702
"log_σ_exp2d_inner_ep" = 0.5852933623507891
chi2_exp2d_inner = 0.0786763838265859
lp_exp2d_inner = -8.20829446791955
num_params_exp2d_inner = 2
log_M_plummer = 2.359247125458615
log_M_plummer_em = 0.12495617419552207
log_M_plummer_ep = 0.12664176308190367
log_R_s_plummer = 1.1544166048645408
log_R_s_plummer_em = 0.1153498777183779
log_R_s_plummer_ep = 0.12121330249086526
"log_σ_plummer" = -1.5866286366984501
"log_σ_plummer_em" = 0.7495200502559549
"log_σ_plummer_ep" = 0.5521935922913002
chi2_plummer = 0.07618363563351878
lp_plummer = -12.17131340608293
num_params_plummer = 2
log_M_king = 2.3483473715422516
log_M_king_em = 0.12831931227232207
log_M_king_ep = 0.1351374169488193
log_R_s_king = 0.9329955568916961
log_R_s_king_em = 0.13424783418190056
log_R_s_king_ep = 0.1426938152367978
c_king = 10.722533374816646
c_king_em = 2.8113789360251813
c_king_ep = 3.488590904445182
"log_σ_king" = -1.6017210327703317
"log_σ_king_em" = 0.7691577806948979
"log_σ_king_ep" = 0.5663026374131646
chi2_king = 0.05766550556149427
lp_king = -11.610508703948417
num_params_king = 3
