ra = 185.42541666666665
ra_em = 0.0
ra_ep = 0.0
ra_ref = "MV2020"
dec = -31.985277777777778
dec_em = 0.0
dec_ep = 0.0
dec_ref = "MV2020"
distance = 151.3561248436207
distance_em = 7.476267018036339
distance_ep = 7.864747861496284
distance_modulus = 20.9
distance_modulus_em = 0.11
distance_modulus_ep = 0.11
distance_ref = "Vivas2016AJ....151..118V"
pmra = -0.3400000035762787
pmra_em = 0.10000000149011612
pmra_ep = 0.10000000149011612
pmra_ref = "MV2020"
pmdec = -0.09000000357627869
pmdec_em = 0.09000000357627869
pmdec_ep = 0.07999999821186066
pmdec_ref = "MV2020"
radial_velocity = 303.1000061035156
radial_velocity_em = 1.399999976158142
radial_velocity_ep = 1.399999976158142
radial_velocity_ref = "MV2020"
sigma_v = nan
sigma_v_em = nan
sigma_v_ep = nan
sigma_v_ref = "MV2020"
position_angle = 29.0
position_angle_em = 25.0
position_angle_ep = 25.0
postiion_angle_ref = "MV2020"
ellipticity = 0.17000000178813934
ellipticity_em = 0.12999999523162842
ellipticity_ep = 0.12999999523162842
ellipticity_ref = "MV2020"
Mv = -4.599998474121094
Mv_em = 0.5299999713897705
Mv_ep = 0.5299999713897705
mv = 15.8
mv_em = 0.22
mv_ep = 0.11
mv_ref = "Richstein2024ApJ...967...72R"
r_h = 1.5
r_h_em = 0.3199999928474426
r_h_ep = 0.3199999928474426
r_h_ref = "MV2020"
metallicity = -2.0199999809265137
metallicity_em = 0.07999999821186066
metallicity_ep = 0.07999999821186066
metallicity_ref = "MV2020"
pmra_gsr = -0.15565579853404418
pmdec_gsr = 0.04855024770956172
radial_velocity_gsr = 120.97505868879796
theta_pm_gsr = -39.64
MV2020_references = "(222)(223)(255)(266)(267)"
