pericentre = 18.046224690480482
apocentre = 149.36786169202182
n_peris = 2
period = 451.055105510551
period_apo = nan
time_last_peri = -33.83338333833383
peri_apo_max_err = 0.0009128951561763188
orbital_timestep = -0.085008500850085
x_i = 36.915706634521484
y_i = 127.96273040771484
z_i = -67.60641479492188
v_x_i = 0.0372483916580677
v_y_i = 0.10743552446365356
v_z_i = 0.22394809126853943
t_i = -710.4160416041603
x = 3.636752128601074
y = 8.134284019470215
z = 53.64743423461914
v_x = -0.11157326400279999
v_y = -0.4696268141269684
v_z = 1.26409912109375
t_f = 0.0
Lx_f = 35.47681490542948
Ly_f = -10.582834512332454
Lz_f = -0.800347697546286
E_f = -1.1670600818393488
idx_i = 1
ra = 209.47
ra_err = 0.11
dec = 26.68
dec_err = 0.06
distance = 55.5
distance_err = 4.257334903760167
pmra = -1.17
pmra_err = 0.03
pmdec = -0.88
pmdec_err = 0.02
radial_velocity = 187.9
radial_velocity_err = 2
orbit_name = "2_peri_18kpc"
