pericentre = 1.5784174802457291
apocentre = 74.34746487026852
n_peris = 1
period = nan
period_apo = nan
time_last_peri = -22.832283228322833
peri_apo_max_err = 0.003289463740236531
orbital_timestep = -0.030003000300030003
x_i = 0.971673846244812
y_i = -39.9868049621582
z_i = -62.6710205078125
v_x_i = -0.0025241856928914785
v_y_i = 0.057724226266145706
v_z_i = -0.03675590455532074
t_i = -117.55175517551756
x = 0.16210173070430756
y = 5.730639457702637
z = 37.80100631713867
v_x = 0.009797423146665096
v_y = 0.06971246004104614
v_z = 1.1566752195358276
t_f = 0.0
Lx_f = 3.993287510424011
Ly_f = 0.1828533993092254
Lz_f = -0.044844989243779665
E_f = -1.7773394251469816
idx_i = 1
ra = 209.47
ra_err = 0.11
dec = 26.68
dec_err = 0.06
distance = 39.1
distance_err = 4.257334903760167
pmra = -1.15
pmra_err = 0.03
pmdec = -0.88
pmdec_err = 0.02
radial_velocity = 188.1
radial_velocity_err = 2
orbit_name = "1_peri_1.5kpc"
