pericentre = 42.68503638591005
apocentre = [284.57557087843156]
period = 5.8937764758300775
idx_f = 192
idx_peri = 184
t_last_peri = 0.37691452148437493
t_f_gyr = 0.0046298168945312496
ra_f = 16.648634542461977
dec_f = -32.61022732910355
distance_f = 82.01835584223399
pmra_f = 0.12591640486579198
pmdec_f = -0.14488983658820798
radial_velocity_f = -0.14488983658820798
theta0 = -36.50916535147668
idx_peris = [59, 184]
idx_apos = [103]
t_peris = [-1328.963134765625, -78.95751953125]
t_apos = [-888.8203125]
