break_radius_arcmin = 108.93373606818095
break_radius_kpc = 2.6203081683226523
