position_err = 3.0225935374509825
ellipticity = 0.5699999928474426
ellipticity_err = 0.029999999329447746
position_angle = 67.0
position_angle_err = 2.0
bins = [0.49042466032273624, 4.6775660471290665, 6.7957447055856335, 8.458120347007062, 9.976802571851968, 11.464260190513013, 12.997259590243296, 14.583165115606155, 16.362580381842733, 18.35911714842682, 20.59926824522653, 23.11275911626059, 25.932942258280328, 29.097239788137763, 32.64764001153993, 36.63125458235497, 41.100943645635645, 46.116017259628215, 51.74302240421072, 58.05662601888439, 65.14060578769582, 78.62298893973183]
