log_Sigma = -1.0304013486720187
log_Sigma_err = 0.004906070443588263
log_R_bg = [1.7691384337352811, 1.8191384337352812, 1.8691384337352812, 1.9191384337352813, 1.9691384337352813, 2.019138433735281, 2.069138433735281, 2.1191384337352814, 2.1691384337352813, 2.219138433735281]
n_points_bg = 10
n_points_skip = 1
