log_M_exp2d = 3.3859554167538244
log_M_exp2d_em = 0.01675918103102303
log_M_exp2d_ep = 0.017091530366947882
log_R_s_exp2d = 0.7456221633913971
log_R_s_exp2d_em = 0.010369563518841884
log_R_s_exp2d_ep = 0.01023919042435606
"log_σ_exp2d" = -1.1437012389614198
"log_σ_exp2d_em" = 0.09606644693972077
"log_σ_exp2d_ep" = 0.09126184223263678
chi2_exp2d = 2.312372606203189
lp_exp2d = 24.6884503220259
num_params_exp2d = 2
log_M_exp2d_inner = 3.381312193919804
log_M_exp2d_inner_em = 0.016313338063708382
log_M_exp2d_inner_ep = 0.016677884907722706
log_R_s_exp2d_inner = 0.7136792665912969
log_R_s_exp2d_inner_em = 0.017901946624557463
log_R_s_exp2d_inner_ep = 0.01878091920314684
"log_σ_exp2d_inner" = -2.005058012765993
"log_σ_exp2d_inner_em" = 0.6384141348586381
"log_σ_exp2d_inner_ep" = 0.41007641563995745
chi2_exp2d_inner = 0.8399008378232942
lp_exp2d_inner = 27.869635625131345
num_params_exp2d_inner = 2
