n_sersic = 1.11731885468539
n_sersic_em = 0.06484695492238024
n_sersic_ep = 0.06884688366144576
log_M_s_sersic = 0.3591452752642127
log_M_s_sersic_em = 0.028773760385446878
log_M_s_sersic_ep = 0.027875898033209057
log_R_h_sersic = 0.9608671293031528
log_R_h_sersic_em = 0.012803170698547084
log_R_h_sersic_ep = 0.012421082794074723
log_Sigma_bg_sersic = -6.032336489338069
log_Sigma_bg_sersic_em = 3.2125341038687614
log_Sigma_bg_sersic_ep = 2.297275173944346
"log_σ_sersic" = -1.1649905692169509
"log_σ_sersic_em" = 0.10807296007808143
"log_σ_sersic_ep" = 0.09793301965684886
chi2_sersic = 3.0388339275963903
lp_sersic = 20.042536948362905
num_params_sersic = 4
log_M_exp2d = 3.3854510787730447
log_M_exp2d_em = 0.01740765792251553
log_M_exp2d_ep = 0.018158697695530357
log_R_s_exp2d = 0.7491052560639118
log_R_s_exp2d_em = 0.010396131051922275
log_R_s_exp2d_ep = 0.0107083168861406
"log_σ_exp2d" = -1.1228200612464652
"log_σ_exp2d_em" = 0.0944675607900749
"log_σ_exp2d_ep" = 0.09157259818668995
chi2_exp2d = 3.24968314912316
lp_exp2d = 23.21858669625095
num_params_exp2d = 2
log_M_exp2d_inner = 3.358962206518236
log_M_exp2d_inner_em = 0.01458092592657323
log_M_exp2d_inner_ep = 0.014643681413331056
log_R_s_exp2d_inner = 0.6951722652499558
log_R_s_exp2d_inner_em = 0.015033170101063531
log_R_s_exp2d_inner_ep = 0.0160224484491569
"log_σ_exp2d_inner" = -1.7234900961530037
"log_σ_exp2d_inner_em" = 0.6568796921849414
"log_σ_exp2d_inner_ep" = 0.3287140981029524
chi2_exp2d_inner = 1.4431405777698296
lp_exp2d_inner = 25.04692871085186
num_params_exp2d_inner = 2
log_M_plummer = 3.39190338091157
log_M_plummer_em = 0.015221366833443106
log_M_plummer_ep = 0.014684846097924975
log_R_s_plummer = 0.948951937873618
log_R_s_plummer_em = 0.012330661256901188
log_R_s_plummer_ep = 0.012021473071455624
"log_σ_plummer" = -1.2441148200430048
"log_σ_plummer_em" = 0.18884496593287015
"log_σ_plummer_ep" = 0.1270960242150514
chi2_plummer = 2.414487319731561
lp_plummer = 24.453937753236655
num_params_plummer = 2
log_M_king = 3.3777577807765464
log_M_king_em = 0.014683434701083797
log_M_king_ep = 0.014316012086867946
log_R_s_king = 0.7244805599632097
log_R_s_king_em = 0.024138894838255487
log_R_s_king_ep = 0.02460116015358771
c_king = 9.820354570982458
c_king_em = 0.6731670482051442
c_king_ep = 0.7604832387153557
"log_σ_king" = -1.2943791153888151
"log_σ_king_em" = 0.14534809098528756
"log_σ_king_ep" = 0.12032470187846855
chi2_king = 2.1968000333144095
lp_king = 29.659687613304154
num_params_king = 3
