distance = 72.31075698156054
dec = 67.22408853036609
pmdec_err = 0.017
distance_err = 2.9
pmra = -0.09101827353411147
radial_velocity = -244.33401461376454
ra = 227.24947819079574
pmdec = 0.0892720705600863
radial_velocity_err = 1.0
pmra_err = 0.017
