distance = 72.1627124483867
dec = 67.22433236016022
pmdec_err = 0.017
distance_err = 2.9
pmra = -0.12930236221706312
radial_velocity = -245.22262153117666
ra = 227.2364572297006
pmdec = 0.07243893878455374
radial_velocity_err = 1.0
pmra_err = 0.017
