distance = 65.5748525643171
dec = 67.22287738666965
pmdec_err = 0.017
distance_err = 2.9
pmra = -0.14187943057832386
radial_velocity = -244.1115422014839
ra = 227.2460927556441
pmdec = 0.0596498448928356
radial_velocity_err = 1.0
pmra_err = 0.017
