lastmodel = "orbit_smallperi.1"
dJ_R = 0.36
dJ_z = 2.09
dJ_phi = -0.64
dtheta_R = -0.27
dtheta_z = 0.01
dtheta_phi = -0.02
J_R = 7.112668259565153
J_z = 38.146162418690544
J_phi = -9.30819367578951
theta_R = 2.9002042111205064
theta_z = 2.883754116366976
theta_phi = 1.9922734864248688
x_i = -15.216784477233887
y_i = 77.02925872802734
z_i = 12.260197639465332
v_x_i = 17.605257412791254
v_y_i = 37.74775419831276
v_z_i = -118.42000601291657
ra = 227.24200143381887
ra_err = 0
dec = 67.22210065639148
dec_err = 0
pmra = -0.15799998096803758
pmra_err = 0.017
pmdec = 0.050000021950772085
pmdec_err = 0.017
distance = 64.60000075808816
distance_err = 3.6
radial_velocity = -245.75000505449756
radial_velocity_err = 1.0
