pericentre = 28.036401850976965
apocentre = [72.22509412134956, 71.26281299461644, 70.65332486734822, 70.56440967575068, 70.24630606411768, 70.23668445432118, 70.18299976105993, 70.05536892152593]
period = 1.0815462921142576
idx_f = 191
idx_peri = 174
t_last_peri = 0.8016651123046881
t_f_gyr = 0.042239978805419916
ra_f = 217.64426478574853
dec_f = 62.477350707370384
distance_f = 56.52832003382626
pmra_f = -0.2001735502620257
pmdec_f = -0.0018033658593283966
radial_velocity_f = -0.0018033658593283966
theta0 = 49.26796358855119
idx_peris = [13, 37, 60, 83, 106, 129, 152, 174, 197]
idx_apos = [25, 49, 72, 95, 118, 140, 163, 186, 208]
t_peris = [120.078125, 359.9755859375, 590.0390625, 820.1025390625, 1049.9072265625, 1279.970703125, 1510.0341796875, 1730.0048828125, 1960.068359375]
t_apos = [239.8974609375, 480.0537109375, 710.1171875, 939.921875, 1169.9853515625, 1389.9560546875, 1620.01953125, 1850.0830078125, 2070.0537109375]
