pericentre = 39.094066041432235
apocentre = nan
pericentres = [39.094066041432235]
apocentres = []
period = nan
idx_f = 44
idx_peri = 36
t_last_peri = 0.34946253906249997
t_f_gyr = 0.0
ra_f = 14.886250639916415
dec_f = -33.83519692246762
distance_f = 72.1089089112785
pmra_f = 0.1355635889641021
pmdec_f = -0.1626991493584617
radial_velocity_f = -0.1626991493584617
theta0 = -36.089579538751366
idx_peris = [36]
idx_apos = []
t_peris = [-74.1171875]
t_apos = []
chi2_best = 14.82977965136545
chi2_best_interp = 14.82977965136545
