name = "mean"
ra = 15.018299835652098
dec = -33.718599828039956
distance = 83.19999905152916
pmra = 0.09899999683688475
pmdec = -0.15999999666557835
radial_velocity = 111.40000218521624
distance_err = 20.0
pmra_err = 0.17
pmdec_err = 0.17
radial_velocity_err = 2.0
pericentre = 43.79445804184049
apocentre = 216.69515184497584
t_apo_i = 1.9555933999999997
r_i = 83.30200356615457
x_i = -5.318086624145508
y_i = -9.450396537780762
z_i = -82.59317016601562
v_x_i = 19.472953687608243
v_y_i = 159.28304067850112
v_z_i = -94.31315383315086
