name = "largeperi"
ra = 15.030000198798971
dec = -33.720000153339775
distance = 141.74000331696845
pmra = -0.029999997437436653
pmdec = -0.04100000456696087
radial_velocity = 110.84999963337508
distance_err = 20.0
pmra_err = 0.17
pmdec_err = 0.17
radial_velocity_err = 2.0
pericentre = 119.36048640802004
apocentre = 384.9144098964166
t_apo_i = 1.9555933999999997
r_i = 141.67935908696342
x_i = -3.363287925720215
y_i = -16.116025924682617
z_i = -140.71958923339844
v_x_i = 48.70583880245686
v_y_i = 221.58893435001374
v_z_i = -99.89717581272126
