log_Sigma = -0.5491205333838737
log_Sigma_err = 0.003354626412478905
log_R_bg = [1.6911065617136105, 1.7411065617136106, 1.7911065617136106, 1.8411065617136104, 1.8911065617136105, 1.9411065617136105, 1.9911065617136106, 2.0411065617136104, 2.09110656171361, 2.1411065617136105]
n_points_bg = 10
n_points_skip = 0
