log_M_exp2d = 3.3453092780447626
log_M_exp2d_em = 0.01705411650770916
log_M_exp2d_ep = 0.01731685682296291
log_R_s_exp2d = 0.926733644060975
log_R_s_exp2d_em = 0.009335706798031307
log_R_s_exp2d_ep = 0.010156790972603136
"log_σ_exp2d" = -1.1442170428859693
"log_σ_exp2d_em" = 0.10957577162984267
"log_σ_exp2d_ep" = 0.10030385051117685
chi2_exp2d = 2.4403407443638594
lp_exp2d = 22.74695501243276
num_params_exp2d = 2
log_M_exp2d_inner = 3.296790539461326
log_M_exp2d_inner_em = 0.015746417174280047
log_M_exp2d_inner_ep = 0.01636942239539252
log_R_s_exp2d_inner = 0.8442667479428043
log_R_s_exp2d_inner_em = 0.01754176887776504
log_R_s_exp2d_inner_ep = 0.018855587007995722
"log_σ_exp2d_inner" = -1.8747446627655533
"log_σ_exp2d_inner_em" = 0.6366808424394641
"log_σ_exp2d_inner_ep" = 0.38335055358417436
chi2_exp2d_inner = 1.1604770282719876
lp_exp2d_inner = 23.618507279990492
num_params_exp2d_inner = 2
