log_Sigma = -2.943567667405223
log_Sigma_err = 0.25744264675400697
log_R_bg = [1.8911065617136105]
n_points_bg = 1
n_points_skip = 0
