log_M_exp2d = 3.476806970805394
log_M_exp2d_em = 0.038846682276983735
log_M_exp2d_ep = 0.04244418833815189
log_R_s_exp2d = 1.0884923403759987
log_R_s_exp2d_em = 0.015385408915877585
log_R_s_exp2d_ep = 0.016248750250084543
"log_σ_exp2d" = -0.6241553321785428
"log_σ_exp2d_em" = 0.05953083106483037
"log_σ_exp2d_ep" = 0.059696458442332845
chi2_exp2d = 12.717956126844218
lp_exp2d = -7.714801642814622
num_params_exp2d = 2
log_M_exp2d_inner = 3.296402576409358
log_M_exp2d_inner_em = 0.015619362275653526
log_M_exp2d_inner_ep = 0.016280167952052338
log_R_s_exp2d_inner = 0.8440721622974809
log_R_s_exp2d_inner_em = 0.01701755135814298
log_R_s_exp2d_inner_ep = 0.01822476693287356
"log_σ_exp2d_inner" = -1.871367158352537
"log_σ_exp2d_inner_em" = 0.6578938507414032
"log_σ_exp2d_inner_ep" = 0.37591344447329855
chi2_exp2d_inner = 1.1636655263188393
lp_exp2d_inner = 23.585636259704188
num_params_exp2d_inner = 2
