log_M_exp2d = 3.3447351349986683
log_M_exp2d_em = 0.01674470861424293
log_M_exp2d_ep = 0.01782196164893879
log_R_s_exp2d = 0.9268305132454318
log_R_s_exp2d_em = 0.009440752940158559
log_R_s_exp2d_ep = 0.00987664212419248
"log_σ_exp2d" = -1.1443699199839745
"log_σ_exp2d_em" = 0.11061846152013755
"log_σ_exp2d_ep" = 0.10186634042106579
chi2_exp2d = 2.438354706000866
lp_exp2d = 22.74753837057776
num_params_exp2d = 2
log_M_exp2d_inner = 3.2966666503868733
log_M_exp2d_inner_em = 0.016213563322033053
log_M_exp2d_inner_ep = 0.016539913212549884
log_R_s_exp2d_inner = 0.8441064268221045
log_R_s_exp2d_inner_em = 0.0175741665895236
log_R_s_exp2d_inner_ep = 0.018625540848487443
"log_σ_exp2d_inner" = -1.8800160918205457
"log_σ_exp2d_inner_em" = 0.6540961653269584
"log_σ_exp2d_inner_ep" = 0.3812605372495119
chi2_exp2d_inner = 1.1604189180679672
lp_exp2d_inner = 23.619286942251378
num_params_exp2d_inner = 2
