n_sersic = 1.7904168836616945
n_sersic_em = 0.10479799058255579
n_sersic_ep = 0.10619411924150124
log_M_s_sersic = -0.1711631281588593
log_M_s_sersic_em = 0.0346822878606923
log_M_s_sersic_ep = 0.0354491154452094
log_R_h_sersic = 1.1733945887296304
log_R_h_sersic_em = 0.01571282455053291
log_R_h_sersic_ep = 0.01593086515626596
log_Sigma_bg_sersic = -5.444583351231122
log_Sigma_bg_sersic_em = 3.38279633131463
log_Sigma_bg_sersic_ep = 1.9765349288096004
"log_σ_sersic" = -1.1985436754548573
"log_σ_sersic_em" = 0.1044915335434129
"log_σ_sersic_ep" = 0.09628667164860572
chi2_sersic = 2.0636406010638906
lp_sersic = 24.19492409529046
num_params_sersic = 4
log_M_exp2d = 3.4970330608847693
log_M_exp2d_em = 0.03936377841602701
log_M_exp2d_ep = 0.042056151429728406
log_R_s_exp2d = 1.0833682237820916
log_R_s_exp2d_em = 0.01553668629534699
log_R_s_exp2d_ep = 0.016238467753927788
"log_σ_exp2d" = -0.6122044757999306
"log_σ_exp2d_em" = 0.059161302061929044
"log_σ_exp2d_ep" = 0.06178920795690279
chi2_exp2d = 12.37342846122413
lp_exp2d = -12.885308542371549
num_params_exp2d = 2
log_M_exp2d_inner = 3.296103893455027
log_M_exp2d_inner_em = 0.015886214508858743
log_M_exp2d_inner_ep = 0.01632324742467084
log_R_s_exp2d_inner = 0.8405061823734274
log_R_s_exp2d_inner_em = 0.017347686000560802
log_R_s_exp2d_inner_ep = 0.019039260949524683
"log_σ_exp2d_inner" = -1.8811147335115073
"log_σ_exp2d_inner_em" = 0.6679615168528374
"log_σ_exp2d_inner_ep" = 0.3893782978867544
chi2_exp2d_inner = 1.1804097588975992
lp_exp2d_inner = 20.764103120243867
num_params_exp2d_inner = 2
log_M_plummer = 3.3877011839550373
log_M_plummer_em = 0.014611044235446347
log_M_plummer_ep = 0.01574941047546785
log_R_s_plummer = 1.156690008314015
log_R_s_plummer_em = 0.011137084550549403
log_R_s_plummer_ep = 0.011201989893160569
"log_σ_plummer" = -1.2341443349119652
"log_σ_plummer_em" = 0.15703806935278952
"log_σ_plummer_ep" = 0.12121070857492344
chi2_plummer = 1.9990065481582415
lp_plummer = 22.983316077784586
num_params_plummer = 2
log_M_king = 3.3601138627060037
log_M_king_em = 0.01615207823988296
log_M_king_ep = 0.015745722672709572
log_R_s_king = 0.7617835659047878
log_R_s_king_em = 0.025392225720229256
log_R_s_king_ep = 0.025105062876141893
c_king = 25.570386142715215
c_king_em = 1.606520645203858
c_king_ep = 1.7834612747222387
"log_σ_king" = -1.1607246671368445
"log_σ_king_em" = 0.09658877836806545
"log_σ_king_ep" = 0.0913904219990691
chi2_king = 2.354587383768073
lp_king = 18.780008748611042
num_params_king = 3
