n_sersic = 1.208992906256307
n_sersic_em = 0.06300594887391675
n_sersic_ep = 0.06460853435556402
log_M_s_sersic = -0.048074081609949096
log_M_s_sersic_em = 0.026606646212357102
log_M_s_sersic_ep = 0.026340731270941328
log_R_h_sersic = 1.1311180195534547
log_R_h_sersic_em = 0.011855409766875713
log_R_h_sersic_ep = 0.011545680916157597
log_Sigma_bg_sersic = -5.475246689505361
log_Sigma_bg_sersic_em = 3.273724994022186
log_Sigma_bg_sersic_ep = 2.259598583766934
"log_σ_sersic" = -1.3014016272926212
"log_σ_sersic_em" = 0.16227418371840274
"log_σ_sersic_ep" = 0.12404754236141868
chi2_sersic = 2.1191959786668018
lp_sersic = 24.244585070478337
num_params_sersic = 4
log_M_exp2d = 3.339102341474252
log_M_exp2d_em = 0.01821591275496548
log_M_exp2d_ep = 0.018621670856211026
log_R_s_exp2d = 0.9326700215478055
log_R_s_exp2d_em = 0.010673764389412366
log_R_s_exp2d_ep = 0.011016536893023399
"log_σ_exp2d" = -1.1049759647913644
"log_σ_exp2d_em" = 0.09477875744087116
"log_σ_exp2d_ep" = 0.09099585707823388
chi2_exp2d = 3.2639113376259825
lp_exp2d = 22.148168563607474
num_params_exp2d = 2
log_M_exp2d_inner = 3.304133011968959
log_M_exp2d_inner_em = 0.0159274524594335
log_M_exp2d_inner_ep = 0.016667307882957783
log_R_s_exp2d_inner = 0.8634616681236246
log_R_s_exp2d_inner_em = 0.01659939785342701
log_R_s_exp2d_inner_ep = 0.018293313949585555
"log_σ_exp2d_inner" = -1.870053720559583
"log_σ_exp2d_inner_em" = 0.6722741374069838
"log_σ_exp2d_inner_ep" = 0.38295576120239105
chi2_exp2d_inner = 1.1090607969983604
lp_exp2d_inner = 24.835993249987222
num_params_exp2d_inner = 2
log_M_plummer = 3.340159239909849
log_M_plummer_em = 0.011680683567472538
log_M_plummer_ep = 0.011391728318415506
log_R_s_plummer = 1.1171228094975683
log_R_s_plummer_em = 0.010029620587610477
log_R_s_plummer_ep = 0.01034396906332491
"log_σ_plummer" = -1.6369460611302553
"log_σ_plummer_em" = 0.6832213764597503
"log_σ_plummer_ep" = 0.28610278374805476
chi2_plummer = 1.5429026972295175
lp_plummer = 30.834891017036348
num_params_plummer = 2
log_M_king = 3.328839154968028
log_M_king_em = 0.012862873427738286
log_M_king_ep = 0.01212384341706585
log_R_s_king = 0.8628391593047329
log_R_s_king_em = 0.02143596169702744
log_R_s_king_ep = 0.02183593436996034
c_king = 11.474403269931717
c_king_em = 0.7177009309328319
c_king_ep = 0.7814757062724045
"log_σ_king" = -1.482097343290632
"log_σ_king_em" = 0.40021411430871057
"log_σ_king_ep" = 0.18391924443752616
chi2_king = 1.541617386859058
lp_king = 32.852833189992914
num_params_king = 3
