log_Sigma = -1.6986776031845965
log_Sigma_err = 0.013757547204592978
log_R_bg = [1.8411065617136104, 1.8911065617136105, 1.9411065617136105, 1.9911065617136106, 2.0411065617136104, 2.09110656171361, 2.1411065617136105]
n_points_bg = 7
n_points_skip = 0
