log_M_exp2d = 3.3448735058011687
log_M_exp2d_em = 0.017134991260702392
log_M_exp2d_ep = 0.01801389779246687
log_R_s_exp2d = 0.926735621186938
log_R_s_exp2d_em = 0.009412391351292348
log_R_s_exp2d_ep = 0.010037754527930876
"log_σ_exp2d" = -1.1456314577775064
"log_σ_exp2d_em" = 0.11189762434334538
"log_σ_exp2d_ep" = 0.10248946574933604
chi2_exp2d = 2.438045809218748
lp_exp2d = 22.746711474114615
num_params_exp2d = 2
log_M_exp2d_inner = 3.296820240958124
log_M_exp2d_inner_em = 0.016005626572129117
log_M_exp2d_inner_ep = 0.016322568523352565
log_R_s_exp2d_inner = 0.8440613928410238
log_R_s_exp2d_inner_em = 0.017929589831965465
log_R_s_exp2d_inner_ep = 0.01874102773345354
"log_σ_exp2d_inner" = -1.8788049809413723
"log_σ_exp2d_inner_em" = 0.6661562771224254
"log_σ_exp2d_inner_ep" = 0.38809874097659436
chi2_exp2d_inner = 1.1603142628783047
lp_exp2d_inner = 23.617623533467803
num_params_exp2d_inner = 2
