log_M_exp2d = 3.47798068540169
log_M_exp2d_em = 0.03914194479875954
log_M_exp2d_ep = 0.03897647999776188
log_R_s_exp2d = 1.0886101190670354
log_R_s_exp2d_em = 0.01543770753487883
log_R_s_exp2d_ep = 0.01679571541189495
"log_σ_exp2d" = -0.6247270042319011
"log_σ_exp2d_em" = 0.05769106615174824
"log_σ_exp2d_ep" = 0.06006827339473764
chi2_exp2d = 12.766262986767282
lp_exp2d = -7.713730419853116
num_params_exp2d = 2
log_M_exp2d_inner = 3.295891464969105
log_M_exp2d_inner_em = 0.015549682533791298
log_M_exp2d_inner_ep = 0.016670329459655964
log_R_s_exp2d_inner = 0.8434071347754537
log_R_s_exp2d_inner_em = 0.017283226825687503
log_R_s_exp2d_inner_ep = 0.018994256410707178
"log_σ_exp2d_inner" = -1.872700644828742
"log_σ_exp2d_inner_em" = 0.6811793363034369
"log_σ_exp2d_inner_ep" = 0.38121678857190755
chi2_exp2d_inner = 1.163461830860274
lp_exp2d_inner = 23.58690389025967
num_params_exp2d_inner = 2
