n_sersic = 0.7320448348929463
n_sersic_em = 0.05836384080053991
n_sersic_ep = 0.0636713386051807
log_M_s_sersic = 0.6627956274046837
log_M_s_sersic_em = 0.039200675719782585
log_M_s_sersic_ep = 0.03616742076865376
log_R_h_sersic = 1.3174954352993438
log_R_h_sersic_em = 0.013159632680006084
log_R_h_sersic_ep = 0.01276575697228477
log_Sigma_bg_sersic = -5.283004382791625
log_Sigma_bg_sersic_em = 3.3855714047574113
log_Sigma_bg_sersic_ep = 2.505769894518822
"log_σ_sersic" = -1.2771551256240983
"log_σ_sersic_em" = 0.1189329997786448
"log_σ_sersic_ep" = 0.1396098701879831
chi2_sersic = +inf
lp_sersic = 8.626237460025798
num_params_sersic = 4
log_M_exp2d = 4.304652611522657
log_M_exp2d_em = 0.034429555264986256
log_M_exp2d_ep = 0.03622856739183522
log_R_s_exp2d = 1.127757632105394
log_R_s_exp2d_em = 0.023873243139086453
log_R_s_exp2d_ep = 0.025318425138504574
"log_σ_exp2d" = -1.0750998473304532
"log_σ_exp2d_em" = 0.10120097572351971
"log_σ_exp2d_ep" = 0.12112146159501691
chi2_exp2d = +inf
lp_exp2d = 7.9766941916116565
num_params_exp2d = 2
log_M_exp2d_inner = 4.305169144665966
log_M_exp2d_inner_em = 0.035118262698540015
log_M_exp2d_inner_ep = 0.0365599516852928
log_R_s_exp2d_inner = 1.1277359366625195
log_R_s_exp2d_inner_em = 0.02407308798298402
log_R_s_exp2d_inner_ep = 0.025568319614198032
"log_σ_exp2d_inner" = -1.071966527408836
"log_σ_exp2d_inner_em" = 0.10413404720580544
"log_σ_exp2d_inner_ep" = 0.11902861551025357
chi2_exp2d_inner = +inf
lp_exp2d_inner = 7.976458105299973
num_params_exp2d_inner = 2
log_M_plummer = 4.357287976641425
log_M_plummer_em = 0.027835727628832352
log_M_plummer_ep = 0.029346251730069106
log_R_s_plummer = 1.3575752895530258
log_R_s_plummer_em = 0.018453402369452476
log_R_s_plummer_ep = 0.019031747134033994
"log_σ_plummer" = -1.1775679730065887
"log_σ_plummer_em" = 0.10277297108478578
"log_σ_plummer_ep" = 0.12298589654293424
chi2_plummer = +inf
lp_plummer = 10.079238174195098
num_params_plummer = 2
log_M_king = 4.310644308237402
log_M_king_em = 0.024742537094296857
log_M_king_ep = 0.027437162759519573
log_R_s_king = 1.2077433993761177
log_R_s_king_em = 0.055840354853164964
log_R_s_king_ep = 0.053289817300595343
c_king = 5.824037798366843
c_king_em = 1.3568382772588405
c_king_ep = 2.530854344589743
"log_σ_king" = -1.2024502157956354
"log_σ_king_em" = 0.13315383574785988
"log_σ_king_ep" = 0.14759328062773558
chi2_king = +inf
lp_king = 10.244214421013616
num_params_king = 3
