log_Sigma = -0.7198215262569548
log_Sigma_err = 0.004685255332423482
log_R_bg = [1.9411065617136105, 1.9911065617136106, 2.0411065617136104, 2.09110656171361, 2.1411065617136105]
n_points_bg = 5
n_points_skip = 0
