log_Sigma = -0.5895431065776748
log_Sigma_err = 0.0042891355182725155
log_R_bg = [1.9911065617136106, 2.0411065617136104, 2.09110656171361, 2.1411065617136105]
n_points_bg = 4
n_points_skip = 0
