log_Sigma = -0.5535711139151309
log_Sigma_err = 0.004113643367144093
log_R_bg = [1.9911065617136106, 2.0411065617136104, 2.09110656171361, 2.1411065617136105]
n_points_bg = 4
n_points_skip = 0
