n_sersic = 0.8649582605050696
n_sersic_em = 0.044064992964962135
n_sersic_ep = 0.04861877711349116
log_M_s_sersic = 0.7451603236641902
log_M_s_sersic_em = 0.024862405940911048
log_M_s_sersic_ep = 0.02159310855964036
log_R_h_sersic = 1.1122519049329886
log_R_h_sersic_em = 0.009694333527742183
log_R_h_sersic_ep = 0.010549080324936622
log_Sigma_bg_sersic = -1.9468745721320802
log_Sigma_bg_sersic_em = 0.09066952182435983
log_Sigma_bg_sersic_ep = 0.07729741274363944
"log_σ_sersic" = -1.382991684844741
"log_σ_sersic_em" = 0.1058109598856547
"log_σ_sersic_ep" = 0.09745283509477609
chi2_sersic = 2.641673282357519
lp_sersic = 42.04146805968452
num_params_sersic = 4
log_M_exp2d = 4.0759968841425795
log_M_exp2d_em = 0.017416159481329352
log_M_exp2d_ep = 0.018328985322608737
log_R_s_exp2d = 0.967790737702127
log_R_s_exp2d_em = 0.010638035754653274
log_R_s_exp2d_ep = 0.011512468734807935
"log_σ_exp2d" = -1.0279445974232206
"log_σ_exp2d_em" = 0.07063442903498163
"log_σ_exp2d_ep" = 0.07214684458423859
chi2_exp2d = 8.869320055245293
lp_exp2d = 23.11984711363594
num_params_exp2d = 2
log_M_exp2d_inner = 4.051082771328618
log_M_exp2d_inner_em = 0.020222022071351375
log_M_exp2d_inner_ep = 0.021581285042137743
log_R_s_exp2d_inner = 0.9218112482219434
log_R_s_exp2d_inner_em = 0.01678975915486436
log_R_s_exp2d_inner_ep = 0.01929389276849358
"log_σ_exp2d_inner" = -1.2771281110544137
"log_σ_exp2d_inner_em" = 0.09100815893445313
"log_σ_exp2d_inner_ep" = 0.09241753030850708
chi2_exp2d_inner = 4.120935122543254
lp_exp2d_inner = 32.477712876073916
num_params_exp2d_inner = 2
log_M_plummer = 4.075299251734044
log_M_plummer_em = 0.006656033881827561
log_M_plummer_ep = 0.006367131766947587
log_R_s_plummer = 1.1450221537090894
log_R_s_plummer_em = 0.005658303779982887
log_R_s_plummer_ep = 0.005786959090061661
"log_σ_plummer" = -1.7221748806871862
"log_σ_plummer_em" = 0.22446036602454078
"log_σ_plummer_ep" = 0.14676876822342266
chi2_plummer = 1.210746001979001
lp_plummer = 60.55918612610344
num_params_plummer = 2
log_M_king = 4.047927393082631
log_M_king_em = 0.015877725941676246
log_M_king_ep = 0.015634673555368295
log_R_s_king = 0.8905432795382761
log_R_s_king_em = 0.0207594843292479
log_R_s_king_ep = 0.020537126747309897
c_king = 12.597670681754154
c_king_em = 0.8485165211285928
c_king_ep = 1.0306499266181337
"log_σ_king" = -1.1211564990375589
"log_σ_king_em" = 0.0698021181654993
"log_σ_king_ep" = 0.07076901847159878
chi2_king = 7.456413710147913
lp_king = 33.50331641894272
num_params_king = 3
