log_M_exp2d = 4.076156321204402
log_M_exp2d_em = 0.01732777201530844
log_M_exp2d_ep = 0.018341019545499826
log_R_s_exp2d = 0.967742463953501
log_R_s_exp2d_em = 0.010569326662196454
log_R_s_exp2d_ep = 0.011763091461636788
"log_σ_exp2d" = -1.028386846854259
"log_σ_exp2d_em" = 0.07142730129942576
"log_σ_exp2d_ep" = 0.07311056834829632
chi2_exp2d = 8.8614424106534
lp_exp2d = 23.117966526275886
num_params_exp2d = 2
log_M_exp2d_inner = 4.051070650791996
log_M_exp2d_inner_em = 0.020212262019389193
log_M_exp2d_inner_ep = 0.021497849721539453
log_R_s_exp2d_inner = 0.9218502960801425
log_R_s_exp2d_inner_em = 0.017116339196629027
log_R_s_exp2d_inner_ep = 0.01871813350495022
"log_σ_exp2d_inner" = -1.2794475500049773
"log_σ_exp2d_inner_em" = 0.09003580478560291
"log_σ_exp2d_inner_ep" = 0.0909542432433037
chi2_exp2d_inner = 4.12385682377365
lp_exp2d_inner = 32.47671195239547
num_params_exp2d_inner = 2
