lastmodel = "orbit_smallperi.2"
dJ = [0.0, 0.0, -0.09]
"dθ" = [-0.061592653589793045, -0.05159265358979326, 0.05840734641020706]
Ji = [7.193522390056128, 39.49929796934501, -9.021135297980123]
"Θi" = [2.9588271840834652, 2.804535263010308, 2.0968139980792433]
position_i = [-18.632596969604492, 76.47212219238281, 20.737751007080078]
velocity_i = [0.06349846720695496, 0.22354762256145477, -0.5547035932540894]
ra = 227.24200187512724
dec = 67.22209990383536
pmra = -0.15999997243923866
pmra_err = 0.017
pmdec = 0.05100001075131097
pmdec_err = 0.017
distance = 65.91700157076238
distance_err = 2.9
radial_velocity = -245.2580037810815
radial_velocity_err = 1.0
