theta0 = 62.064087425763006
idx_peris = [15, 41, 66, 91, 116, 141, 166, 191, 216]
t_last_peri = 0.8017687133789071
apocentre = [81.47244696129253, 77.8288669931507, 76.65851388758045, 76.0063375836983, 75.88626731817904, 75.81747610194071, 75.8243041664407, 75.90980888868269, 75.78711459327319]
period = 1.184616410827637
pericentre = 30.047111018688287
idx_peri = 191
idx_f = 208
idx_apos = [2, 28, 54, 79, 104, 129, 154, 178, 203]
t_peris = [139.9755859375, 399.96826171875, 650.11474609375, 899.9951171875, 1149.87548828125, 1400.02197265625, 1649.90234375, 1900.048828125, 2149.92919921875]
dec0 = 67.79776367003191
distance_f = 64.90826327982164
ra0 = 231.3944427716145
t_apos = [10.1123046875, 270.10498046875, 530.09765625, 779.97802734375, 1030.12451171875, 1280.0048828125, 1529.88525390625, 1769.91943359375, 2020.06591796875]
