ra = 172.79000000000002
ra_em = 0.0
ra_ep = 0.0
ra_ref = "MV2020"
dec = 2.22
dec_em = 0.0
dec_ep = 0.0
dec_ref = "MV2020"
distance = 169.0440931643263
distance_em = 4.606920842833063
distance_ep = 4.735989710611307
distance_modulus = 21.14
distance_modulus_em = 0.06
distance_modulus_ep = 0.06
distance_ref = "Medina2018ApJ...855...43M"
pmra = -0.05999999865889549
pmra_em = 0.09000000357627869
pmra_ep = 0.09000000357627869
pmra_ref = "MV2020"
pmdec = -0.25
pmdec_em = 0.07999999821186066
pmdec_ep = 0.09000000357627869
pmdec_ref = "MV2020"
radial_velocity = 173.3000030517578
radial_velocity_em = 3.0999999046325684
radial_velocity_ep = 3.0999999046325684
radial_velocity_ref = "MV2020"
sigma_v = 3.700000047683716
sigma_v_em = 1.399999976158142
sigma_v_ep = 2.299999952316284
sigma_v_ref = "MV2020"
position_angle = -65.0
position_angle_em = 21.0
position_angle_ep = 21.0
postiion_angle_ref = "MV2020"
ellipticity = 0.3499999940395355
ellipticity_em = 0.07000000029802322
ellipticity_ep = 0.07000000029802322
ellipticity_ref = "MV2020"
Mv = -4.60999870300293
Mv_em = 0.5199999809265137
Mv_ep = 0.5199999809265137
mv = 16.850000381469727
mv_em = 0.36000001430511475
mv_ep = 0.36000001430511475
mv_ref = "MV2020"
r_h = 1.0
r_h_em = 0.2199999988079071
r_h_ep = 0.2199999988079071
r_h_ref = "MV2020"
metallicity = -2.29
metallicity_em = 0.17
metallicity_ep = 0.14
metallicity_ref = "Jenkins2021ApJ...920...92J"
pmra_gsr = 0.07326438111866426
pmdec_gsr = -0.018361453958203565
radial_velocity_gsr = 52.114363335704596
theta_pm_gsr = -39.64
MV2020_references = "(34)(34)(101)(139)(130)(255)(258)(266)(267)"
