r_J = 68.71870738083565
r_J_kpc = 1.2842822038018669
peri = 25.20019506926279
r_break = 25
r_break_kpc = 0.3385837618114117
peri_required = 10.38330142911976
rho_mean_host_peri = 0.0004294521349908446
rho_mean_host_required = 0.002691483366269888
