pericentre = 25.20019506926279
apocentre = 205.49474855813813
pericentres = [27.16616393904067, 26.462544565591926, 25.20019506926279]
apocentres = [206.1211446050886, 205.49474855813813, 205.06734053400902]
period = 3.1471761657714845
idx_peris = [35, 102, 169]
idx_apos = [69, 136, 202]
t_peris = [340.048828125, 1010.0537109375, 1680.05859375]
t_apos = [680.09765625, 1350.1025390625, 2010.0146484375]
idx_f = 173
idx_peri = 169
t_last_peri = 0.18790932617187472
t_f_gyr = 8.109385595703124
ra_f = 206.9415131992557
dec_f = 25.72394260458503
distance_f = 64.24796343197374
pmra_f = -1.0475894103479837
pmdec_f = -0.8340760284514245
radial_velocity_f = -0.8340760284514245
theta0 = -114.13772075772373
chi2_best = 8.742331639916927
chi2_best_interp = 0.1319227266854849
