pericentre = 54.735019056641136
apocentre = [259.7979080431473]
period = 5.232836731567382
idx_f = 173
idx_peri = 160
t_last_peri = 0.6137152205566403
t_f_gyr = -0.0010060763669439716
ra_f = 18.011733198997632
dec_f = -27.496740358199997
distance_f = 116.4961070293625
pmra_f = 0.14949569084733413
pmdec_f = -0.1612025455227279
radial_velocity_f = -0.1612025455227279
theta0 = -33.47569724171575
idx_peris = [49, 160]
idx_apos = [90]
t_peris = [-1285.244912109375, -175.41739746093754]
t_apos = [-875.3629833984376]
