[mean]
ra_median = 209.46962744626828
ra_sem = 0.00034843662898622154
dec_median = 26.680202035008243
dec_sem = 0.00019024365750899594
distance_median = 46.564541475485264
distance_sem = 0.012937448968666384
pmra_median = -1.159997416610962
pmra_sem = 9.463888532819205e-5
pmdec_median = -0.8800927709252642
pmdec_sem = 6.308423739695072e-5
radial_velocity_median = 187.9859059637027
radial_velocity_sem = 0.006331483029600019
ra_relative_residual = -0.0033868521065662867
dec_relative_residual = 0.0033672501373871455
distance_relative_residual = 0.001393388897855806
pmra_relative_residual = 8.61129679341488e-5
pmdec_relative_residual = -0.004638546263208143
radial_velocity_relative_residual = -0.0070470181486541605
pericentre = 7.1171068620623625
quantile = 0.5
n_samples = 100000

[smallperi]
ra_median = 209.466217059293
ra_sem = 0.006510741297456914
dec_median = 26.682452155721414
dec_sem = 0.003542927507748648
distance_median = 36.71582935488894
distance_sem = 0.0479667099899983
pmra_median = -1.1588999946923342
pmra_sem = 0.001627939731739085
pmdec_median = -0.8633963075390251
pmdec_sem = 0.0009786988111497113
radial_velocity_median = 187.8058175747454
radial_velocity_sem = 0.12703160275508874
ra_relative_residual = -0.03439037006361642
dec_relative_residual = 0.04086926202357215
distance_relative_residual = -2.3119581193186427
pmra_relative_residual = 0.03666684358885804
pmdec_relative_residual = 0.8301846230487464
radial_velocity_relative_residual = -0.09709121262730491
pericentre = 0.46124390100399204
quantile = 0.001349898031630093
n_samples = 270

[largeperi]
ra_median = 209.46697079280722
ra_sem = 0.006421297884952577
dec_median = 26.681496846628495
dec_sem = 0.00363967687810993
distance_median = 60.76052409904496
distance_sem = 0.1090810323682571
pmra_median = -1.1724754178347672
pmra_sem = 0.0018467871435505793
pmdec_median = -0.884015906250295
pmdec_sem = 0.0013223464186725112
radial_velocity_median = 187.59157725500367
radial_velocity_sem = 0.11762688420192403
ra_relative_residual = -0.02753824720710699
dec_relative_residual = 0.0249474438082468
distance_relative_residual = 3.3358697560310837
pmra_relative_residual = -0.41584726115890813
pmdec_relative_residual = -0.20079531251475102
radial_velocity_relative_residual = -0.20421137249816468
pericentre = 26.064782313363473
quantile = 0.9986501019683699
n_samples = 270
