[mean]
ra_median = 209.46962744626828
ra_sem = 0.00034843662898622154
dec_median = 26.680202035008243
dec_sem = 0.00019024365750899594
distance_median = 46.564541475485264
distance_sem = 0.012937448968666384
pmra_median = -1.159997416610962
pmra_sem = 9.463888532819205e-5
pmdec_median = -0.8800927709252642
pmdec_sem = 6.308423739695072e-5
radial_velocity_median = 187.9859059637027
radial_velocity_sem = 0.006331483029600019
ra_relative_residual = -0.0033868521065662867
dec_relative_residual = 0.0033672501373871455
distance_relative_residual = 0.001393388897855806
pmra_relative_residual = 8.61129679341488e-5
pmdec_relative_residual = -0.004638546263208143
radial_velocity_relative_residual = -0.0070470181486541605
pericentre = 7.1171068620623625
quantile = 0.5
n_samples = 100000

[smallperi]
ra_median = 209.4696998072547
ra_sem = 0.0006198708848877437
dec_median = 26.680197106763067
dec_sem = 0.00033880114924384294
distance_median = 42.683203619508596
distance_sem = 0.0109854159319025
pmra_median = -1.1543485412016075
pmra_sem = 0.00016570868143501476
pmdec_median = -0.8782431720141162
pmdec_sem = 0.00011195642892859607
radial_velocity_median = 187.99838976413113
radial_velocity_sem = 0.011255829786800923
ra_relative_residual = -0.002729024957271907
dec_relative_residual = 0.0032851127177953763
distance_relative_residual = -0.9102891410690934
pmra_relative_residual = 0.18838195994641538
pmdec_relative_residual = 0.08784139929419177
radial_velocity_relative_residual = -0.0008051179344334969
pericentre = 3.817962375083156
quantile = 0.15865525393145696
n_samples = 31731

[largeperi]
ra_median = 209.46971369845437
ra_sem = 0.000616627447112155
dec_median = 26.680364918053534
dec_sem = 0.0003375862287921147
distance_median = 50.78969121954268
distance_sem = 0.014082371209156126
pmra_median = -1.1654835321825299
pmra_sem = 0.00016717311011347677
pmdec_median = -0.8817977568948551
pmdec_sem = 0.00011167992878553103
radial_velocity_median = 187.9693655316651
radial_velocity_sem = 0.011279358782171156
ra_relative_residual = -0.002602741323895233
dec_relative_residual = 0.006081967558912993
distance_relative_residual = 0.9938334575252211
pmra_relative_residual = -0.18278440608433164
pmdec_relative_residual = -0.08988784474275313
radial_velocity_relative_residual = -0.015317234167454785
pericentre = 11.695563235924727
quantile = 0.841344746068543
n_samples = 31731
