[mean]
ra_median = 209.3
ra_sem = 1.9896191435726074e-15
dec_median = 26.8
dec_sem = 3.5528913278082276e-16
distance_median = 46.55708762785216
distance_sem = 0.004320776585161231
pmra_median = -1.1601715817108245
pmra_sem = 0.0003693062396512574
pmdec_median = -0.880629324776989
pmdec_sem = 0.0003494578349251347
radial_velocity_median = 197.46093866109248
radial_velocity_sem = 0.038199970498868516
ra_relative_residual = nan
dec_relative_residual = nan
distance_relative_residual = -0.0035323099262482126
pmra_relative_residual = -0.0046373435357984355
pmdec_relative_residual = -0.01798070791397028
radial_velocity_relative_residual = -0.01027929971250411
pericentre = 7.021064915453941
quantile = 0.5
n_samples = 10000

[smallperi]
ra_median = 209.3
ra_sem = 5.573955807511312e-15
dec_median = 26.8
dec_sem = 2.786977903755656e-15
distance_median = 46.17727036526204
distance_sem = 0.0697893720726063
pmra_median = -1.0779943660317173
pmra_sem = 0.003934100383104699
pmdec_median = -0.8127273617712627
pmdec_sem = 0.005053829614788017
radial_velocity_median = 196.3796201625079
radial_velocity_sem = 0.693685951541795
ra_relative_residual = nan
dec_relative_residual = nan
distance_relative_residual = -0.8851848931647056
pmra_relative_residual = 2.216368485629261
pmdec_relative_residual = 1.9220753779639228
radial_velocity_relative_residual = -0.29483679934002505
pericentre = 4.345185923398692
quantile = 0.001349898031630093
n_samples = 27

[largeperi]
ra_median = 209.3
ra_sem = 5.573955807511312e-15
dec_median = 26.8
dec_sem = 2.786977903755656e-15
distance_median = 47.006881648517464
distance_sem = 0.09071435770771122
pmra_median = -1.2500908120731424
pmra_sem = 0.00622579702107058
pmdec_median = -0.9354179592096532
pmdec_sem = 0.00744535422890966
radial_velocity_median = 196.36126199879837
radial_velocity_sem = 0.6418304245969223
ra_relative_residual = nan
dec_relative_residual = nan
distance_relative_residual = 1.0405541477046203
pmra_relative_residual = -2.4348868127876355
pmdec_relative_residual = -1.5833702631329485
radial_velocity_relative_residual = -0.29966789505306074
pericentre = 10.170838618713793
quantile = 0.9986501019683699
n_samples = 27
