[mean]
ra_median = 209.46962744626828
ra_sem = 0.00034843662898622154
dec_median = 26.680202035008243
dec_sem = 0.00019024365750899594
distance_median = 46.564541475485264
distance_sem = 0.012937448968666384
pmra_median = -1.159997416610962
pmra_sem = 9.463888532819205e-5
pmdec_median = -0.8800927709252642
pmdec_sem = 6.308423739695072e-5
radial_velocity_median = 187.9859059637027
radial_velocity_sem = 0.006331483029600019
ra_relative_residual = -0.0033868521065662867
dec_relative_residual = 0.0033672501373871455
distance_relative_residual = 0.001393388897855806
pmra_relative_residual = 8.61129679341488e-5
pmdec_relative_residual = -0.004638546263208143
radial_velocity_relative_residual = -0.0070470181486541605
pericentre = 7.1171068620623625
quantile = 0.5
n_samples = 100000

[smallperi]
ra_median = 209.47073823239066
ra_sem = 0.001677347261129934
dec_median = 26.681897679565367
dec_sem = 0.000894288107516116
distance_median = 39.12655929225033
distance_sem = 0.019852417554341313
pmra_median = -1.1502402571810115
pmra_sem = 0.00043717574237186763
pmdec_median = -0.875620534403272
pmdec_sem = 0.00029305013542839484
radial_velocity_median = 188.04690429748854
radial_velocity_sem = 0.029616796653214914
ra_relative_residual = 0.00671120355145211
dec_relative_residual = 0.03162799275611879
distance_relative_residual = -1.7457048195765479
pmra_relative_residual = 0.32532476063294646
pmdec_relative_residual = 0.21897327983639858
radial_velocity_relative_residual = 0.023452148744269152
pericentre = 1.5094352736663472
quantile = 0.022750131948179205
n_samples = 4550

[largeperi]
ra_median = 209.4683826159735
ra_sem = 0.0016062407387459692
dec_median = 26.681931953083453
dec_sem = 0.0008945174283006027
distance_median = 55.495028171332194
distance_sem = 0.03027612610630857
pmra_median = -1.169704912872348
pmra_sem = 0.00044693274303617174
pmdec_median = -0.8828395545603267
pmdec_sem = 0.00029780646415950886
radial_velocity_median = 187.90304358611172
radial_velocity_sem = 0.02960314635775923
ra_relative_residual = -0.01470349115002343
dec_relative_residual = 0.03219921805754922
distance_relative_residual = 2.099064090810298
pmra_relative_residual = -0.32349709574493646
pmdec_relative_residual = -0.1419777280163348
radial_velocity_relative_residual = -0.0484782069441394
pericentre = 17.86434600138405
quantile = 0.9772498680518208
n_samples = 4550
