[mean]
ra_median = 209.3
ra_sem = 2.6963335855685386e-16
dec_median = 26.8
dec_sem = 3.370416981960673e-17
distance_median = 46.55923375071437
distance_sem = 0.001353461783984162
pmra_median = -1.1599968138201864
pmra_sem = 0.00011672129190477018
pmdec_median = -0.8801623491192123
pmdec_sem = 0.0001103974154446638
radial_velocity_median = 197.4732213310351
radial_velocity_sem = 0.012029817756240036
ra_relative_residual = nan
dec_relative_residual = nan
distance_relative_residual = 0.0014493877262201054
pmra_relative_residual = 8.611296793354868e-5
pmdec_relative_residual = -0.004638546263208936
radial_velocity_relative_residual = -0.0070470181486601445
pericentre = 7.020825002792234
quantile = 0.5
n_samples = 100000

[smallperi]
ra_median = 209.3
ra_sem = 5.198706624438152e-15
dec_median = 26.8
dec_sem = 8.664511040730251e-16
distance_median = 46.036870525382604
distance_sem = 0.02530235679748324
pmra_median = -1.075269922213053
pmra_sem = 0.001351054981976134
pmdec_median = -0.8250562103743373
pmdec_sem = 0.0015320968547319724
radial_velocity_median = 197.84458804731318
radial_velocity_sem = 0.22353004290058015
ra_relative_residual = nan
dec_relative_residual = nan
distance_relative_residual = -1.2110886729767116
pmra_relative_residual = 2.290002102349915
pmdec_relative_residual = 1.5698225607332201
radial_velocity_relative_residual = 0.09068106508241601
pericentre = 4.316297347734163
quantile = 0.001349898031630093
n_samples = 270

[largeperi]
ra_median = 209.3
ra_sem = 5.198706624438152e-15
dec_median = 26.8
dec_sem = 8.664511040730251e-16
distance_median = 47.14864058690635
distance_sem = 0.025107710090458552
pmra_median = -1.2467482207561018
pmra_sem = 0.0017308459601255535
pmdec_median = -0.9321256104947057
pmdec_sem = 0.002066842861963625
radial_velocity_median = 196.86631018089827
radial_velocity_sem = 0.2296118446271394
ra_relative_residual = nan
dec_relative_residual = nan
distance_relative_residual = 1.3696127412382673
pmra_relative_residual = -2.344546506921673
pmdec_relative_residual = -1.48930315699159
radial_velocity_relative_residual = -0.16676047871098226
pericentre = 10.08264971727518
quantile = 0.9986501019683699
n_samples = 270
