[mean]
ra_median = 209.49966131478934
ra_sem = 0.0003167605718056562
dec_median = 26.700336725013738
dec_sem = 0.00031707276251499326
distance_median = 46.564541475485264
distance_sem = 0.012937448968666384
pmra_median = -1.159997416610962
pmra_sem = 9.463888532819205e-5
pmdec_median = -0.8800927709252642
pmdec_sem = 6.308423739695072e-5
radial_velocity_median = 189.98731536733243
radial_velocity_sem = 0.005698334726640017
ra_relative_residual = -0.0033868521066438007
dec_relative_residual = 0.0033672501373871455
distance_relative_residual = 0.001393388897855806
pmra_relative_residual = 8.61129679341488e-5
pmdec_relative_residual = -0.004638546263208143
radial_velocity_relative_residual = -0.0070470181486510025
pericentre = 7.09117538484582
quantile = 0.5
n_samples = 100000

[smallperi]
ra_median = 209.50073677172446
ra_sem = 0.006002380085543867
dec_median = 26.702149210198474
dec_sem = 0.005733007011619415
distance_median = 36.74033291250964
distance_sem = 0.04996734169229391
pmra_median = -1.1601464606029055
pmra_sem = 0.0016087433122650438
pmdec_median = -0.8622567610755165
pmdec_sem = 0.0009831976806629805
radial_velocity_median = 189.85128197464212
radial_velocity_sem = 0.1129109960349106
ra_relative_residual = 0.007367717244619598
dec_relative_residual = 0.021492101984748047
distance_relative_residual = -2.3062025097237617
pmra_relative_residual = -0.004882020096852457
pmdec_relative_residual = 0.8871619462241742
radial_velocity_relative_residual = -0.08262112519882218
pericentre = 0.4803562155369708
quantile = 0.001349898031630093
n_samples = 270

[largeperi]
ra_median = 209.4972461752793
ra_sem = 0.005838139070798857
dec_median = 26.70249474438082
dec_sem = 0.00607371231553221
distance_median = 60.77177873128282
distance_sem = 0.10898711381811704
pmra_median = -1.1724754178347672
pmra_sem = 0.0018697660603048073
pmdec_median = -0.884015906250295
pmdec_sem = 0.001325876101159275
radial_velocity_median = 189.6324195295033
radial_velocity_sem = 0.1066353162208162
ra_relative_residual = -0.027538247207132827
dec_relative_residual = 0.024947443808223113
distance_relative_residual = 3.338513342333849
pmra_relative_residual = -0.41584726115890813
pmdec_relative_residual = -0.20079531251475102
radial_velocity_relative_residual = -0.2042113724981694
pericentre = 25.93964506625344
quantile = 0.9986501019683699
n_samples = 270
