t_last_peri = 1.6983648144531251
apocentre = 77.43736650110917
period = 0.0
theta0 = -57.2571882235693
pericentre = 33.96583378767373
idx_peri = 96
ra0 = 34.210104534448824
idx_f = 132
dec0 = -69.29424976076977
