pericentre = 43.088267619101764
apocentre = [95.30726958005074, 94.91828055056375, 94.73064015229706, 94.55120908180817, 94.44140005262524]
period = 1.6030861865234372
idx_f = 198
idx_peri = 188
t_last_peri = 0.4709935058593757
t_f_gyr = 0.04379334223193359
ra_f = 16.980455557176036
dec_f = -35.683245240868494
distance_f = 80.82496762642698
pmra_f = 0.1383958095778786
pmdec_f = -0.1909990481894089
radial_velocity_f = -0.1909990481894089
theta0 = -39.79275279170016
idx_peris = [18, 53, 87, 121, 155, 188]
idx_apos = [35, 70, 104, 138, 172, 205]
t_peris = [170.0244140625, 519.9072265625, 859.9560546875, 1200.0048828125, 1540.0537109375, 1870.009765625]
t_apos = [340.048828125, 689.931640625, 1029.98046875, 1370.029296875, 1710.078125, 2040.0341796875]
