r_J = 148.28483530718606
r_J_kpc = 3.5188152091657425
peri = 42.18124681113126
r_break = 25
r_break_kpc = 0.6050474740247008
peri_required = 10.034632051651167
rho_mean_host_peri = 0.00014315053406133122
rho_mean_host_required = 0.002885665056655767
