E = 0.20740009371822504
K = 0.2082515039410102
W = -0.0008514102227851351
L = [17.572614177871706, -2.6098972895117147, -0.8425510516497285]
v_circ_max = 0.09826238977725044
r_circ_max = 0.9320733089051555
N_bound = 892771
bound_mass = 0.026296633606675224
time = 1944.0234375
