pericentre = 42.18124681113126
apocentre = [94.38516800237568, 93.76025710649954, 93.34051210829656, 93.17699837802017, 93.07749665806689]
period = 1.5747777685546875
idx_f = 487
idx_peri = 462
t_last_peri = 0.47221369628906196
t_f_gyr = 0.04321802244433593
ra_f = 16.39609309116059
dec_f = -35.08429131619848
distance_f = 81.57810336599024
pmra_f = 0.1405479363249886
pmdec_f = -0.20018059596582888
radial_velocity_f = -0.20018059596582888
theta0 = -39.888640074128354
idx_peris = [44, 129, 213, 296, 379, 462]
idx_apos = [87, 171, 254, 338, 421, 504]
t_peris = [172.0947265625, 511.884765625, 848.0517578125, 1180.078125, 1512.1044921875, 1843.8720703125]
t_apos = [343.9306640625, 680.09765625, 1012.1240234375, 1348.0322265625, 1680.05859375, 2012.0849609375]
