break_radius_arcmin = 89.38008974914516
break_radius_kpc = 2.1364067675048792
