ra = 53.92541666666666
ra_em = 0.0
ra_ep = 0.0
ra_ref = "MV2020"
dec = -54.049166666666665
dec_em = 0.0
dec_ep = 0.0
dec_ref = "MV2020"
distance = 31.622776601683793
distance_em = 1.4232593976636636
distance_ep = 1.4903355465753485
distance_modulus = 17.5
distance_modulus_em = 0.1
distance_modulus_ep = 0.1
distance_ref = "MutluPakdil2018ApJ...863...25M"
pmra = 2.390000104904175
pmra_em = 0.009999999776482582
pmra_ep = 0.009999999776482582
pmra_ref = "MV2020"
pmdec = -1.3600000143051147
pmdec_em = 0.019999999552965164
pmdec_ep = 0.019999999552965164
pmdec_ref = "MV2020"
radial_velocity = 64.69999694824219
radial_velocity_em = 0.800000011920929
radial_velocity_ep = 1.2999999523162842
radial_velocity_ref = "MV2020"
sigma_v = 3.2200000286102295
sigma_v_em = 0.49000000953674316
sigma_v_ep = 1.6399999856948853
sigma_v_ref = "MV2020"
position_angle = 69.0
position_angle_em = 2.0
position_angle_ep = 2.0
postiion_angle_ref = "MV2020"
ellipticity = 0.5600000023841858
ellipticity_em = 0.029999999329447746
ellipticity_ep = 0.029999999329447746
ellipticity_ref = "MV2020"
Mv = -3.8799991607666016
Mv_em = 0.5799999833106995
Mv_ep = 0.5799999833106995
mv = 14.4
mv_em = 0.1
mv_ep = 0.1
mv_ref = "MutluPakdil2018ApJ...863...25M"
r_h = 5.590000152587891
r_h_em = 0.20999999344348907
r_h_ep = 0.20999999344348907
r_h_ref = "MV2020"
metallicity = -2.65
metallicity_em = 0.07
metallicity_ep = 0.07
metallicity_ref = "Simon2015ApJ...808...95S"
pmra_gsr = 1.2966552686503883
pmdec_gsr = -0.8225807512223361
radial_velocity_gsr = -100.20228732803861
theta_pm_gsr = -39.64
MV2020_references = "(226)(227)(254)(255)(266)(267)"
