ra = 53.9203
ra_err = 0.0
ra_ref = "MutluPakdil2018ApJ...863...25M"
dec = -54.0513
dec_err = 0.0
dec_ref = "MutluPakdil2018ApJ...863...25M"
distance = 31.622776601683793
distance_err = 1.4903355465753556
distance_ref = "MutluPakdil2018ApJ...863...25M"
pmra = 2.377
pmra_err = 0.024
pmra_ref = "Pace2022ApJ...940..136P"
pmdec = -1.379
pmdec_err = 0.026
pmdec_ref = "Pace2022ApJ...940..136P"
radial_velocity = 64.3
radial_velocity_err = 1.2
radial_velocity_ref = "Walker2015ApJ...808..108W"
sigma_v = 3.6
sigma_v_err = 1.0
sigma_v_ref = "Walker2015ApJ...808..108W"
PA = 68.0
PA_err = 2.0
PA_ref = "MutluPakdil2018ApJ...863...25M"
ellipticity = 0.6
ellipticity_err = 0.1
ellipticity_ref = "MutluPakdil2018ApJ...863...25M"
Mv = -3.0999999999999996
Mv_err = 0.1
pmra_gsr = 1.2836363461099363
pmdec_gsr = -0.841542652192645
radial_velocity_gsr = -100.59669110997594
theta_pm_gsr = -39.64
