r_h = 3.946740886584471
r_h_err = 0.2768955788734153
chi2_sersic = 1.1260992337722293
M_sersic = 95.30151019770427
M_sersic_err = 18.317755105918213
n_sersic = 0.6562180599649728
n_sersic_err = 0.20418457134110335
r_s_exp = 2.357100440123604
r_s_exp_err = 0.23970036616780108
chi2_exp = 1.3294943939436292
M_exp = 82.03907415355918
M_exp_err = 18.031655890866762
r_s_king = 4.121342507723508
r_s_king_err = 1.6548964555346364
c_king = 3.2887165921302284
c_king_err = 2.0389003230834146
chi2_king = 2.0389003230834146
M_king = 78.7564108979507
M_king_err = 63.8251033729545
