n_sersic = 0.7866319482844557
n_sersic_em = 0.03125924847408279
n_sersic_ep = 0.029117628936390694
log_M_s_sersic = 0.9585635841240254
log_M_s_sersic_em = 0.014586763997141095
log_M_s_sersic_ep = 0.014552674742347116
log_R_h_sersic = 1.1774479139775451
log_R_h_sersic_em = 0.006339032705585224
log_R_h_sersic_ep = 0.006181061295388757
log_Sigma_bg_sersic = -4.358562311294778
log_Sigma_bg_sersic_em = 3.3928593313093867
log_Sigma_bg_sersic_ep = 1.0977243151605651
"log_σ_sersic" = -2.2538825203255577
"log_σ_sersic_em" = 0.5992426986313646
"log_σ_sersic_ep" = 0.40604842394535834
chi2_sersic = 0.4795675637687074
lp_sersic = 45.84651151999983
num_params_sersic = 4
log_M_exp2d = 4.337926254076778
log_M_exp2d_em = 0.016240678313040213
log_M_exp2d_ep = 0.014470792950985079
log_R_s_exp2d = 0.9344131289473276
log_R_s_exp2d_em = 0.007948052463605193
log_R_s_exp2d_ep = 0.008173820351579764
"log_σ_exp2d" = -1.3851490814195895
"log_σ_exp2d_em" = 0.20910929476136797
"log_σ_exp2d_ep" = 0.1468760507485427
chi2_exp2d = 1.9904521614621307
lp_exp2d = 30.67982166585424
num_params_exp2d = 2
log_M_exp2d_inner = 4.3795579398169915
log_M_exp2d_inner_em = 0.014173915805516302
log_M_exp2d_inner_ep = 0.014506843907691191
log_R_s_exp2d_inner = 0.9850276031427643
log_R_s_exp2d_inner_em = 0.015248705849174593
log_R_s_exp2d_inner_ep = 0.01820742029126521
"log_σ_exp2d_inner" = -1.5811631269543391
"log_σ_exp2d_inner_em" = 0.47150546771521373
"log_σ_exp2d_inner_ep" = 0.2141111333173651
chi2_exp2d_inner = 1.4045255116217863
lp_exp2d_inner = 30.826620730190122
num_params_exp2d_inner = 2
log_M_plummer = 4.316402654268559
log_M_plummer_em = 0.026772230073682124
log_M_plummer_ep = 0.023843857399917567
log_R_s_plummer = 1.1651267776160563
log_R_s_plummer_em = 0.01849042383257382
log_R_s_plummer_ep = 0.017192809538526088
"log_σ_plummer" = -0.9658303075922474
"log_σ_plummer_em" = 0.09886446676223004
"log_σ_plummer_ep" = 0.09122758726391478
chi2_plummer = 6.710384394081438
lp_plummer = 8.162837485640232
num_params_plummer = 2
log_M_king = 4.2761242863822515
log_M_king_em = 0.03322558230108008
log_M_king_ep = 0.029784356413842694
log_R_s_king = 0.9162744589047328
log_R_s_king_em = 0.0367934889948166
log_R_s_king_ep = 0.035685778490625486
c_king = 11.97486461442158
c_king_em = 0.9954667012029628
c_king_ep = 1.1428416513083324
"log_σ_king" = -0.79975381458243
"log_σ_king_em" = 0.07360324287350417
"log_σ_king_ep" = 0.07516226191635778
chi2_king = 12.302450749934188
lp_king = 2.7762539717156605
num_params_king = 3
