break_radius_arcmin = 252.3740013218132
break_radius_kpc = 5.115457221419856
