ra = 76.438
ra_err = 0.0
ra_ref = "Cerny2021ApJ...920L..44C"
dec = -9.515
dec_err = 0.0
dec_ref = "Cerny2021ApJ...920L..44C"
distance = 76.5596606911257
distance_err = 2.7692376782155463
distance_ref = "Cerny2021ApJ...920L..44C"
pmra = 0.25
pmra_err = 0.06
pmra_ref = "Cerny2021ApJ...920L..44C"
pmdec = -0.1
pmdec_err = 0.05
pmdec_ref = "Cerny2021ApJ...920L..44C"
radial_velocity = -31.5
radial_velocity_err = 1.3
radial_velocity_ref = "Heiger2024ApJ...961..234H"
sigma_v = 6.1
sigma_v_err = 1.2
sigma_v_ref = "Heiger2024ApJ...961..234H"
PA = 65.0
PA_err = 9.0
PA_ref = "Cerny2021ApJ...920L..44C"
ellipticity = 0.54
ellipticity_err = 0.14
ellipticity_ref = "Cerny2021ApJ...920L..44C"
Mv = -4.700000000000001
Mv_err = 0.2
pmra_gsr = -0.13385638790461252
pmdec_gsr = 0.3494095707408052
radial_velocity_gsr = -152.06327511988388
theta_pm_gsr = -39.64
