r_h = 3.472631386843247
r_h_err = 3.3206651037791426
chi2_sersic = 12.45974199658849
M_sersic = 28.070331711276392
M_sersic_err = 52.622663558602646
n_sersic = 13.768008525409325
n_sersic_err = 10.329603523969544
r_s_exp = 11.621357458451023
r_s_exp_err = 0.46215810668810486
chi2_exp = 46.63245604881125
M_exp = 222.0458246043871
M_exp_err = 32.28056698697211
r_s_king = 0.8943974761153769
r_s_king_err = 0.3634946608960111
c_king = 338.97622904726853
c_king_err = 226.8584484300115
chi2_king = 226.8584484300115
M_king = 70.97008582288264
M_king_err = 58.95831003037828
