break_radius_arcmin = 322.8402968186885
break_radius_kpc = 5.366928603794522
