pericentre = 43.39524205775734
apocentre = 95.07205626615729
pericentres = [47.45815980466379, 44.66512367642102, 44.04508763875841, 43.617728926357756, 43.6090860328981, 43.39524205775734]
apocentres = [98.47545604610679, 96.6243517605433, 95.69913931376381, 95.72364849528108, 95.07205626615729, 94.88476914448714]
period = 1.6266358618164063
idx_f = 203
idx_peri = 193
t_last_peri = 0.47221369628906196
t_f_gyr = 9.524806494140623
ra_f = 18.28275777442026
dec_f = -36.55627360067111
distance_f = 83.30676873000552
pmra_f = 0.14155588270325484
pmdec_f = -0.18970725507751662
radial_velocity_f = -0.18970725507751662
theta0 = -40.5399135460683
idx_peris = [20, 56, 91, 125, 159, 193]
idx_apos = [38, 73, 108, 142, 176, 210]
t_peris = [189.951171875, 549.9267578125, 900.068359375, 1240.1171875, 1579.9072265625, 1919.9560546875]
t_apos = [370.068359375, 719.951171875, 1070.0927734375, 1409.8828125, 1749.931640625, 2089.98046875]
chi2_best = 256.0651633064404
chi2_best_interp = 256.0651633064404
