pericentre = 17.025620972409822
apocentre = 146.63464945166382
pericentres = [16.705841198646652, 15.306092434649662, 15.098170491670402, 14.566089607753053, 17.025620972409822]
apocentres = [147.67293783182143, 147.56048717801505, 147.00123812368435, 147.00287922844214, 146.63464945166382]
period = 385.013427734375
idx_peris = [21, 59, 98, 136, 175]
idx_apos = [40, 78, 117, 155, 194]
t_peris = [200.0439453125, 579.9462890625, 969.94140625, 1350.1025390625, 1740.09765625]
t_apos = [389.9951171875, 769.8974609375, 1159.892578125, 1540.0537109375, 1930.048828125]
