lastmodel = "orbit_smallperi.2"
dJ_R = 0.09
dJ_z = 0.25
dJ_phi = -0.1
dtheta_R = 0.0
dtheta_z = 0.0
dtheta_phi = 0.0
J_R = 7.183169961012124
J_z = 38.43413593252049
J_phi = -9.458192999320488
theta_R = 3.1678134618729796
theta_z = 2.887085253014692
theta_phi = 2.0090482549428215
x_i = -18.361597061157227
y_i = 75.73907470703125
z_i = 20.892595291137695
v_x_i = 17.448167255520822
v_y_i = 34.86195577979088
v_z_i = -117.41109347343445
ra = 227.24200143381887
ra_err = 0
dec = 67.22210065639148
dec_err = 0
pmra = -0.15799998096803758
pmra_err = 0.017
pmdec = 0.050000021950772085
pmdec_err = 0.017
distance = 64.60000075808816
distance_err = 3.6
radial_velocity = -245.75000505449756
radial_velocity_err = 1.0
