position_err = 1.0910685177069803
ellipticity = 0.38999998569488525
ellipticity_err = 0.029999999329447746
position_angle = 70.0
position_angle_err = 4.0
bins = [0.6333797491856393, 2.171756415957395, 3.2320670742167885, 4.343977736047117, 5.94347832326822, 6.709914234132617, 7.823388155543493, 8.7779858856872, 9.942500310142954, 11.15566882988339, 12.516866297210356, 14.044154975500307, 15.757801057588084, 17.68054358583283, 19.837896185394648, 22.25848561453932, 24.9744316243279, 28.021773168198468, 31.44094661698228, 35.27732232497701, 39.58180666698285, 44.41151753496726, 49.83054225778851, 55.91078800111254, 62.73293593181307, 70.387511808037, 78.97608720101489, 93.5776109407192]
