f_sat_cen = 0.7930545972171826
PSAT = 0.2
num_per_bin = 20
bin_width = 0.05

[centring_error]
xi_stat = 0.7037643358257571
xi_sys = 0.2937061203020232
eta_stat = 0.511444141959725
eta_sys = 1.1532224209699702
counts = 156
