position_err = 1.0910685177069803
ellipticity = 0.46
ellipticity_err = 0.02
position_angle = 80.0
position_angle_err = 2.0
bins = [0.6399590540751143, 2.2763269327945457, 3.5297005603082963, 4.734439416754782, 6.343787335240527, 7.245127262167882, 8.129166491918625, 9.12107482202585, 10.457315007859576, 11.890646620047779, 13.341524941276877, 14.969437192642575, 16.795984780659147, 18.84540488207448, 21.144892056479886, 23.72495910159343, 26.61984193954716, 29.86795390677329, 33.51239547564006, 37.60152617153378, 42.18960627437916, 47.33751681958732, 53.11356745240657, 59.5944028554123, 66.86601977687823, 75.02490815537745, 88.03677886239055]
