distance = 84.56725197557188
dec = -33.718190292042934
pmdec_err = 0.017
distance_err = 2.0
pmra = 0.07447680425134837
radial_velocity = 111.19589679205079
ra = 15.018866443875076
pmdec = -0.13775228752620622
radial_velocity_err = 0.2
pmra_err = 0.017
