distance = 86.34142903589316
dec = -33.71978917437892
pmdec_err = 0.017
distance_err = 2.0
pmra = 0.131819707698123
radial_velocity = 111.52169069019206
ra = 15.016716627263532
pmdec = -0.1827400378928055
radial_velocity_err = 0.2
pmra_err = 0.017
