theta0 = -8.673695786057042
idx_peris = [184]
t_last_peri = 0.22917110156249998
apocentre = [143.2912078017692]
period = nan
pericentre = 38.96692352200016
idx_peri = 184
idx_f = 209
idx_apos = [47]
t_peris = [-48.6046875]
dec0 = -33.721593682175275
distance_f = 56.82133604379753
ra0 = 14.963798790756705
t_apos = [-322.8161328125]
