delta_t = nan
r_break = nan
sigma_v = 0.04717382263476468
r_max_sigma = 1.0
bound_mass = 1.0
time = 0.0
r_h = 0.22402725037519752
