delta_t = nan
r_break = nan
sigma_v = 0.04248066990009909
r_max_sigma = 1.0
bound_mass = 0.9999978542884265
time = 1944.0234375
r_h = 0.2509140106769751
