pericentre = 29.880050287009784
apocentre = 74.96094131915059
pericentres = [29.96867097458558, 29.668269844136294, 29.786152434938572, 30.141627125416385, 29.78314779650258, 29.674661981420435, 29.96359783676723, 29.880050287009784, 29.709960005834812]
apocentres = [74.8820285803687, 74.83879159516582, 74.91983984834137, 74.90376556474958, 74.85305556418052, 74.94286087681556, 74.9367357201175, 74.96094131915059]
period = 1.1661766666666664
idx_peris = [13, 38, 63, 87, 112, 137, 162, 186, 211]
idx_apos = [26, 50, 75, 100, 125, 149, 174, 199]
t_peris = [120.078125, 370.068359375, 620.05859375, 859.9560546875, 1109.9462890625, 1359.9365234375, 1609.9267578125, 1850.0830078125, 2100.0732421875]
t_apos = [249.990234375, 489.8876953125, 739.8779296875, 990.126953125, 1240.1171875, 1480.0146484375, 1730.0048828125, 1979.9951171875]
idx_f = 203
idx_peri = 186
t_last_peri = 0.8016651123046863
t_f_gyr = 9.524806494140623
ra_f = 223.29132606849825
dec_f = 66.17313781064446
distance_f = 65.86649277851868
pmra_f = -0.1811249561500007
pmdec_f = 0.02694470529539845
radial_velocity_f = 0.02694470529539845
theta0 = 53.82138820658353
chi2_best = 53.95645861790291
chi2_best_interp = 53.95645861790291
