position_err = 4.085450492839069
ellipticity = 0.44
ellipticity_err = 0.1
position_angle = 153.0
position_angle_err = 8.0
bins = [0.46504140390581195, 2.2304554984781713, 3.0494727134585937, 3.889862384179785, 4.617778171344968, 5.745952907489999, 6.454712930270488, 7.242307024984991, 8.12600213375391, 9.117524353769022, 10.230030582476424, 11.478283101612012, 12.878845463711059, 14.450302280386937, 16.213505828835892, 18.191852748886323, 20.411594502194358, 22.902185713190573, 25.696675014050598, 28.83214357996494, 32.350197173804546, 36.29751822931592, 40.726485298654396, 45.69586808394785, 51.27160727553759, 57.527689544876, 64.547129302705, 72.42307024985004, 89.68650451296438]
