position_err = 2.6839924933515373
ellipticity = 0.20999999344348907
ellipticity_err = 0.07000000029802322
position_angle = 166.0
position_angle_err = 15.0
bins = [0.650409522297873, 2.4805985959316943, 3.4219304810603104, 4.341387975006467, 5.512269591440398, 6.368737707837997, 7.235171042934187, 8.142682068502294, 9.13623954837326, 10.25102937619823, 11.50184413568596, 12.905281378744466, 14.479963864910777, 16.24678667405548, 18.229194471397467, 20.453492603967284, 22.949196156580015, 25.749421599078474, 28.89132622176762, 32.416601190081494, 36.37202476101843, 40.810083002190645, 45.78966625005278, 51.37685054888701, 57.64577443976519, 64.67962273394498, 72.57173032477509, 81.42682068502309, 91.36239548373275, 106.49606280719247]
