lastmodel = "orbit_smallperi.2"
dJ = [-0.01, -0.47, 0.04]
"dθ" = [0.18, 0.08, -0.07]
Ji = [7.19050135030799, 39.00613876963813, -8.891134846755051]
"Θi" = [3.1978398838966258, 2.9385910048834556, 1.965909828970337]
position_i = [-18.337947845458984, 76.51526641845703, 17.941322326660156]
velocity_i = [0.08336909860372543, 0.13699057698249817, -0.5749843120574951]
ra = 227.24200187512724
dec = 67.22209990383536
pmra = -0.15999997243923866
pmra_err = 0.017
pmdec = 0.05100001075131097
pmdec_err = 0.017
distance = 65.91700157076238
distance_err = 2.9
radial_velocity = -245.2580037810815
radial_velocity_err = 1.0
