pericentre = 29.562803003990293
apocentre = [76.28614560294707, 75.1362532784331, 74.54964988866128, 74.2913151220073, 73.9294469650753, 73.86759887386984, 73.74645878778294, 73.92550124363032]
period = 1.150476883138021
idx_f = 203
idx_peri = 185
t_last_peri = 0.8492525390624994
ra_f = 227.48663955560332
dec_f = 66.9025587436632
distance_f = 59.97272474789508
pmra_f = -0.13773172736463746
pmdec_f = 0.06475779477140815
radial_velocity_f = 0.06475779477140815
theta0 = 58.70315742124979
idx_peris = [14, 39, 64, 89, 113, 137, 161, 185, 210]
idx_apos = [27, 52, 76, 101, 125, 149, 173, 197]
t_peris = [129.912109375, 379.90234375, 629.892578125, 879.8828125, 1120.0390625, 1359.9365234375, 1600.0927734375, 1839.990234375, 2089.98046875]
t_apos = [260.0830078125, 510.0732421875, 749.970703125, 999.9609375, 1240.1171875, 1480.0146484375, 1719.912109375, 1960.068359375]
