theta0 = 55.897444030516674
idx_peris = [15, 41, 67, 92, 118, 143, 168, 193]
t_last_peri = 0.8016651123046881
apocentre = [81.44478594948383, 78.53813198118338, 77.59752116206646, 77.14223714664176, 76.88020558586048, 76.57083730051811, 76.41789005711667, 76.5525332572044, 76.86307162802078]
period = 1.2007487288411458
pericentre = 30.738565012683605
idx_peri = 193
idx_f = 210
idx_apos = [2, 28, 54, 80, 105, 130, 156, 181, 206]
t_peris = [140.0048828125, 400.087890625, 659.912109375, 909.90234375, 1169.9853515625, 1419.9755859375, 1669.9658203125, 1919.9560546875]
dec0 = 66.777791041591
distance_f = 68.88963524721758
ra0 = 226.0557593408649
t_apos = [10.0927734375, 269.9169921875, 530.0, 790.0830078125, 1040.0732421875, 1290.0634765625, 1549.8876953125, 1799.8779296875, 2050.126953125]
