distance = 86.79878713073637
dec = -33.71761537461509
pmdec_err = 0.017
distance_err = 2.0
pmra = 0.11082809946752437
radial_velocity = 111.46784728246189
ra = 15.016253982960599
pmdec = -0.14267938999572927
radial_velocity_err = 0.2
pmra_err = 0.017
