distance = 88.31870419451991
dec = -33.718531375520705
pmdec_err = 0.017
distance_err = 2.0
pmra = 0.07569456449443646
radial_velocity = 111.68186331353122
ra = 15.017262586152295
pmdec = -0.15612494006664823
radial_velocity_err = 0.2
pmra_err = 0.017
