distance = 82.02295159371782
dec = -33.71812149382991
pmdec_err = 0.017
distance_err = 2.0
pmra = 0.14452852608020628
radial_velocity = 111.361786603829
ra = 15.018452863723075
pmdec = -0.14103054893535982
radial_velocity_err = 0.2
pmra_err = 0.017
