n_sersic = 1.7480108908085903
n_sersic_em = 0.10515640558046147
n_sersic_ep = 0.11879941394255633
log_M_s_sersic = -0.19244736503615467
log_M_s_sersic_em = 0.03832830423135697
log_M_s_sersic_ep = 0.03952711106666662
log_R_h_sersic = 1.2038383034107119
log_R_h_sersic_em = 0.019238540346623978
log_R_h_sersic_ep = 0.01919019976170655
"log_σ_sersic" = -1.6110479779799067
"log_σ_sersic_em" = 0.7186326951819171
"log_σ_sersic_ep" = 0.37921037795412316
chi2_sersic = 1.1745622468196952
lp_sersic = 18.491205270461936
num_params_sersic = 3
log_M_exp2d = 3.456668222103017
log_M_exp2d_em = 0.04222093249442782
log_M_exp2d_ep = 0.04314566008992626
log_R_s_exp2d = 1.0925825751165106
log_R_s_exp2d_em = 0.01986017170932808
log_R_s_exp2d_ep = 0.021010096701687075
"log_σ_exp2d" = -0.6659586014078369
"log_σ_exp2d_em" = 0.06908353352235475
"log_σ_exp2d_ep" = 0.07200866466668887
chi2_exp2d = 5.41868016195982
lp_exp2d = -2.978777588187034
num_params_exp2d = 2
log_M_plummer = 3.4044851420912536
log_M_plummer_em = 0.018134841833759907
log_M_plummer_ep = 0.01770834772515073
log_R_s_plummer = 1.1776884681891688
log_R_s_plummer_em = 0.014959309829357448
log_R_s_plummer_ep = 0.015236536464498407
"log_σ_plummer" = -1.9414813551442482
"log_σ_plummer_em" = 0.6642747206715662
"log_σ_plummer_ep" = 0.44677195321789465
chi2_plummer = 0.823315179078437
lp_plummer = 25.83433937122679
num_params_plummer = 2
log_M_king = 3.4021503811110025
log_M_king_em = 0.01882262150170133
log_M_king_ep = 0.0185978192543943
log_R_s_king = 0.8157094956598904
log_R_s_king_em = 0.03103020912851462
log_R_s_king_ep = 0.030843474318331676
c_king = 22.95157802943605
c_king_em = 1.8754494539247268
c_king_ep = 2.004805258613299
"log_σ_king" = -1.7849383792529716
"log_σ_king_em" = 0.683008382589414
"log_σ_king_ep" = 0.431139207531438
chi2_king = 0.9328922807873007
lp_king = 20.8332263714029
num_params_king = 3
