n_sersic = 1.8586640502442493
n_sersic_em = 0.10037355371783652
n_sersic_ep = 0.10841907259075323
log_M_s_sersic = -0.25482820492112035
log_M_s_sersic_em = 0.04095532466201357
log_M_s_sersic_ep = 0.03890795453617424
log_R_h_sersic = 1.2230554020351618
log_R_h_sersic_em = 0.019413836826593034
log_R_h_sersic_ep = 0.01942956249523009
"log_σ_sersic" = -0.9933662881160594
"log_σ_sersic_em" = 0.07001386882990834
"log_σ_sersic_ep" = 0.07414538489870792
chi2_sersic = 5.626942342771384
lp_sersic = 17.396983696212864
num_params_sersic = 3
log_M_exp2d = 3.4880918434726085
log_M_exp2d_em = 0.057829917841155876
log_M_exp2d_ep = 0.05766174259750079
log_R_s_exp2d = 1.1506372863633132
log_R_s_exp2d_em = 0.025068456139725637
log_R_s_exp2d_ep = 0.026420874027159647
"log_σ_exp2d" = -0.5069204524661053
"log_σ_exp2d_em" = 0.056956020622878745
"log_σ_exp2d_ep" = 0.06178566207436953
chi2_exp2d = 35.99069185125465
lp_exp2d = -11.274646283706364
num_params_exp2d = 2
log_M_plummer = 3.411751126084498
log_M_plummer_em = 0.01668207168647262
log_M_plummer_ep = 0.016789900693155335
log_R_s_plummer = 1.1797513159285922
log_R_s_plummer_em = 0.012643240173967119
log_R_s_plummer_ep = 0.012780328086535953
"log_σ_plummer" = -1.1104353880303188
"log_σ_plummer_em" = 0.08554628686441168
"log_σ_plummer_ep" = 0.08212751020561915
chi2_plummer = 3.391313598664979
lp_plummer = 25.92342612969201
num_params_plummer = 2
log_M_king = 3.395436851417297
log_M_king_em = 0.020535749015128335
log_M_king_ep = 0.020843914369656158
log_R_s_king = 0.8018156270181384
log_R_s_king_em = 0.030658860302917756
log_R_s_king_ep = 0.03331893959678334
c_king = 29.658199386418318
c_king_em = 2.435690924144385
c_king_ep = 2.4597370805343033
"log_σ_king" = -0.9964534166467962
"log_σ_king_em" = 0.07781147896550866
"log_σ_king_ep" = 0.08036377830748709
chi2_king = 5.601707077167377
lp_king = 12.895823458101164
num_params_king = 3
