ra = 227.2420
ra_err = 0.0045
dec = 67.2221
dec_err = 0.0016
distance = 70.1
distance_err = 2.9
pmra = -0.124
pmra_err = 0.017 #0.002 + gaia sys
pmdec = 0.078
pmdec_err = 0.017 #0.002 + gaia sys
radial_velocity = -245.2
radial_velocity_err = 1

distance_modulus = 19.399999618530273
distance_modulus_em = 0.10000000149011612
distance_modulus_ep = 0.10000000149011612
distance_ref = "MV2020"

# TODO: revise...
sigma_v = 9
sigma_v_err = 0.6

ellipticity = 0.55
ellipticity_err = 0.01
position_angle = 50
position_angle_err = 1

theta_pm_gsr = 55.97 # atand(pmra_gsr, pmdec_gsr)

Mv = -9.03
Mv_err = 0.03
M_L_s = 1.4 
M_L_s_err = 0.3

r_h = 12.329999923706055
r_h_em = 0.05000000074505806
r_h_ep = 0.05000000074505806
r_h_ref = "MV2020"
