r_h = 16.140054110229638
r_h_err = 0.36184957452996414
chi2_sersic = 5.366619711733846
M_sersic = 1923.0151417575723
M_sersic_err = 83.77340084900223
n_sersic = 1.8848511207118412
n_sersic_err = 0.05248097218403324
r_s_exp = 14.17997704091403
r_s_exp_err = 0.14564505632021327
chi2_exp = 35.96587697491645
M_exp = 3029.1611718479076
M_exp_err = 79.85812188582308
r_s_king = 5.603134834534786
r_s_king_err = 0.23551204519654198
c_king = 33.89799706482877
c_king_err = 1.5984383132602267
chi2_king = 1.5984383132602267
M_king = 2605.075401980549
M_king_err = 222.8405625771606
