pericentre = 27.134935274318483
apocentre = 67.09494625390971
pericentres = [29.896686703671996, 27.961621075697657, 27.19940172424543, 27.280505070222585, 27.03378266183548, 26.616001487890706, 26.672060342634754, 27.134935274318483, 26.456720654387524, 26.784101541318876]
apocentres = [70.97876884205576, 69.50796029271294, 68.86295849776528, 68.18816726387611, 67.9133407038743, 67.69356487026279, 67.18889206575741, 67.09494625390971, 66.28287940592354]
period = 1.0400329015395218
idx_peris = [13, 37, 59, 81, 103, 125, 147, 169, 190, 212]
idx_apos = [25, 48, 70, 92, 114, 136, 158, 179, 201]
t_peris = [120.078125, 359.9755859375, 579.9462890625, 799.9169921875, 1019.8876953125, 1240.1171875, 1460.087890625, 1680.05859375, 1889.9365234375, 2109.9072265625]
t_apos = [239.8974609375, 469.9609375, 689.931640625, 909.90234375, 1129.873046875, 1350.1025390625, 1570.0732421875, 1779.951171875, 1999.921875]
idx_f = 185
idx_peri = 169
t_last_peri = 0.7540776855468749
t_f_gyr = 8.675553955078124
ra_f = 217.7724306310191
dec_f = 61.493201990486774
distance_f = 50.52709279964481
pmra_f = -0.1853817735852455
pmdec_f = 0.014727999227337238
radial_velocity_f = 0.014727999227337238
theta0 = 49.72608292460427
chi2_best = 274.5022968772708
chi2_best_interp = 274.5022968772708
