position_err = 23.399720593866284
ellipticity = 0.3700000047683716
ellipticity_err = 0.009999999776482582
position_angle = 60.0
position_angle_err = 1.0
bins = [0.11725690687722956, 0.9972535977737982, 1.5683679356469653, 1.918844346299291, 2.3759992592568744, 2.6659150162940084, 2.9912058458825967, 3.3561881596961887, 3.7657050512888692, 4.225190561004234, 4.740741782389216, 5.319199766921084, 5.968240300604159, 6.696475756986565, 7.513569378124638, 8.430363499933971, 9.459023423399605, 10.613198840728892, 11.908204958474021, 13.361225721018, 14.991541831076255, 16.820786592907407, 18.87323297311716, 21.17611568817777, 23.759992592568782, 26.65915016294013, 29.91205845882602, 33.561881596961946, 37.65705051288876, 42.25190561004241, 47.407417823892246, 53.191997669210934, 59.6824030060417, 66.96475756986577, 75.1356937812465, 84.30363499933986, 94.59023423399623, 106.13198840728913, 119.0820495847404, 133.61225721018013, 149.91541831076262, 168.20786592907407, 190.71899638622102]
