position_err = 0.6684268731947951
ellipticity = 0.3700000047683716
ellipticity_err = 0.009999999776482582
position_angle = 60.0
position_angle_err = 1.0
bins = [0.11725690687722956, 0.6974985690593176, 0.9013024177494698, 1.242917098415395, 1.4876751126579961, 1.6691989304080241, 1.872872003818902, 2.1013969508303054, 2.357806158645478, 2.645502021667049, 2.968302089203582, 3.330489722029492, 3.7368709299801064, 4.19283814478222, 4.704441774346859, 5.27847048800625, 5.9225412980313035, 6.6452006327566275, 7.456037742492022, 8.365811943048, 9.386595385319623, 10.531933245394265, 11.817023460808736, 13.258918397946658, 14.876751126579975, 16.69198930408026, 18.728720038189042, 21.01396950830308, 23.578061586454815, 26.455020216670533, 29.683020892035866, 33.304897220294976, 37.36870929980113, 41.928381447822275, 47.04441774346868, 52.78470488006259, 59.22541298031314, 66.4520063275664, 74.56037742492035, 83.65811943048016, 93.8659538531964, 105.3193324539428, 118.17023460808748, 132.58918397946664, 148.76751126579975, 166.91989304080252, 190.71899638622102]
