position_err = 0.6684268731947951
ellipticity = 0.3700000047683716
ellipticity_err = 0.009999999776482582
position_angle = 60.0
position_angle_err = 1.0
bins = [0.11725690687722956, 1.2006831097435027, 1.7332759132247952, 2.270673258259317, 2.631610942274807, 2.9591118513737373, 3.3201781055849824, 3.7253011060356833, 4.179856588803553, 4.68987622897324, 5.262127677300077, 5.904204362823814, 6.624626253058485, 7.43295290878489, 8.339910333614107, 9.357533301538673, 10.49932505107157, 11.780436465017209, 13.217867113481097, 14.830690827836817, 16.640308798879772, 18.670733557626445, 20.948907607011826, 23.505060932534054, 26.37311213579533, 29.59111851373743, 33.20178105584989, 37.25301106035691, 41.79856588803561, 46.898762289732495, 52.62127677300087, 59.04204362823826, 66.24626253058499, 74.32952908784905, 83.39910333614124, 93.57533301538692, 104.99325051071587, 117.8043646501722, 132.17867113481103, 148.30690827836816, 166.40308798879764, 190.71899638622102]
