n_sersic = 0.6788647832678052
n_sersic_em = 0.05324766033609252
n_sersic_ep = 0.058402859077465896
log_M_s_sersic = 0.5245555596516847
log_M_s_sersic_em = 0.02482703579017803
log_M_s_sersic_ep = 0.024588697440729446
log_R_h_sersic = 0.8612700877088182
log_R_h_sersic_em = 0.01068953691703578
log_R_h_sersic_ep = 0.010879583118138525
log_Sigma_bg_sersic = -1.7512489048341218
log_Sigma_bg_sersic_em = 0.08635773337582098
log_Sigma_bg_sersic_ep = 0.07864673026885294
"log_σ_sersic" = -2.1704316318967756
"log_σ_sersic_em" = 0.5925647699730439
"log_σ_sersic_ep" = 0.40079934071086964
chi2_sersic = 0.29484936050525556
lp_sersic = 32.281737257734875
num_params_sersic = 4
log_M_exp2d = 3.304191398582446
log_M_exp2d_em = 0.017372636603544045
log_M_exp2d_ep = 0.016373111664796713
log_R_s_exp2d = 0.6908648981631268
log_R_s_exp2d_em = 0.012203545838663787
log_R_s_exp2d_ep = 0.01357540543927116
"log_σ_exp2d" = -1.2968134518007108
"log_σ_exp2d_em" = 0.41032906795212654
"log_σ_exp2d_ep" = 0.1792341451893784
chi2_exp2d = 1.9988723597071216
lp_exp2d = 19.33158440303475
num_params_exp2d = 2
log_M_exp2d_inner = 3.3186222284536893
log_M_exp2d_inner_em = 0.01718374318492799
log_M_exp2d_inner_ep = 0.01758444820989835
log_R_s_exp2d_inner = 0.6858629761081753
log_R_s_exp2d_inner_em = 0.01949605428909873
log_R_s_exp2d_inner_ep = 0.02099870331982101
"log_σ_exp2d_inner" = -1.9141688021849794
"log_σ_exp2d_inner_em" = 0.6630782691800774
"log_σ_exp2d_inner_ep" = 0.4210765454731631
chi2_exp2d_inner = 0.9506658852482784
lp_exp2d_inner = 22.607643797724045
num_params_exp2d_inner = 2
log_M_plummer = 3.331518912551795
log_M_plummer_em = 0.013616950956694573
log_M_plummer_ep = 0.013431324595322813
log_R_s_plummer = 0.9172255283857165
log_R_s_plummer_em = 0.012604053124547931
log_R_s_plummer_ep = 0.012813012903356014
"log_σ_plummer" = -1.9199485410622972
"log_σ_plummer_em" = 0.6465146739276559
"log_σ_plummer_ep" = 0.40801143522282834
chi2_plummer = 0.9554506943168545
lp_plummer = 29.39605774533974
num_params_plummer = 2
log_M_king = 3.3011278380521976
log_M_king_em = 0.020356547563701977
log_M_king_ep = 0.01882298014724526
log_R_s_king = 0.7030908449890201
log_R_s_king_em = 0.03565195662716947
log_R_s_king_ep = 0.03215865202330592
c_king = 8.960293619856149
c_king_em = 0.9611259388479887
c_king_ep = 1.268617981805443
"log_σ_king" = -1.1981045078150756
"log_σ_king_em" = 0.19628118154544594
"log_σ_king_ep" = 0.1370109402797779
chi2_king = 2.203388924981826
lp_king = 20.06967131489258
num_params_king = 3
