log_M_exp2d = 3.304969746862499
log_M_exp2d_em = 0.0184633432817507
log_M_exp2d_ep = 0.016556910900985322
log_R_s_exp2d = 0.6910206755331221
log_R_s_exp2d_em = 0.012393266649000423
log_R_s_exp2d_ep = 0.014047016538789592
"log_σ_exp2d" = -1.2880217564432104
"log_σ_exp2d_em" = 0.38019278484838015
"log_σ_exp2d_ep" = 0.1801419193096636
chi2_exp2d = 1.997698680824141
lp_exp2d = 19.331492690330034
num_params_exp2d = 2
log_M_exp2d_inner = 3.318705953645631
log_M_exp2d_inner_em = 0.016964493016641935
log_M_exp2d_inner_ep = 0.017400214911602596
log_R_s_exp2d_inner = 0.6859931673640423
log_R_s_exp2d_inner_em = 0.01930532902688331
log_R_s_exp2d_inner_ep = 0.020294080072697396
"log_σ_exp2d_inner" = -1.9153809488267424
"log_σ_exp2d_inner_em" = 0.6623412348327213
"log_σ_exp2d_inner_ep" = 0.4204246913685754
chi2_exp2d_inner = 0.9507472452796172
lp_exp2d_inner = 22.605652872434895
num_params_exp2d_inner = 2
