log_M_exp2d = 3.304121111842309
log_M_exp2d_em = 0.01767487466262363
log_M_exp2d_ep = 0.016683604875193936
log_R_s_exp2d = 0.6911379791740504
log_R_s_exp2d_em = 0.012226692221643187
log_R_s_exp2d_ep = 0.013364666996742103
"log_σ_exp2d" = -1.2924566939906974
"log_σ_exp2d_em" = 0.37286563301002196
"log_σ_exp2d_ep" = 0.17970255949804614
chi2_exp2d = 2.0006052482441454
lp_exp2d = 19.332106438959947
num_params_exp2d = 2
log_M_exp2d_inner = 3.3185858536107395
log_M_exp2d_inner_em = 0.017472174945603047
log_M_exp2d_inner_ep = 0.017630821448744616
log_R_s_exp2d_inner = 0.6855076446281382
log_R_s_exp2d_inner_em = 0.019481075607128417
log_R_s_exp2d_inner_ep = 0.020651469948228307
"log_σ_exp2d_inner" = -1.9174390900518734
"log_σ_exp2d_inner_em" = 0.6646353473718802
"log_σ_exp2d_inner_ep" = 0.4275447967719139
chi2_exp2d_inner = 0.9503871553963217
lp_exp2d_inner = 22.60604728861944
num_params_exp2d_inner = 2
