break_radius_arcmin = 121.07423990601045
break_radius_kpc = 2.8519664912614187
