pericentre = 17.20799671220888
apocentre = 143.12338296158612
pericentres = [19.439743504390837, 18.534794676845305, 18.893576526950547, 18.09164522692204, 17.20799671220888]
apocentres = [145.4656356903436, 144.00187503433997, 143.3896819796076, 143.12338296158612]
period = 429.9965122767857
idx_peris = [24, 67, 110, 153, 196]
idx_apos = [46, 89, 132, 175]
t_peris = [230.0634765625, 659.912109375, 1090.01953125, 1520.126953125, 1949.9755859375]
t_apos = [450.0341796875, 879.8828125, 1309.990234375, 1740.09765625]
idx_f = 200
idx_peri = 196
t_last_peri = 40.1123046875
t_f_gyr = 9.383264404296874
ra_f = 207.51952567678907
dec_f = 26.578073171306247
distance_f = 60.8052244501118
pmra_f = -0.9918833979509254
pmdec_f = -0.7944356474708529
radial_velocity_f = -0.7944356474708529
theta0 = -110.74095320366682
chi2_best = 11.554085356532726
chi2_best_interp = 4.5768714540816235
