pericentre = 42.443789069275184
apocentre = [94.6802749010404, 94.0748772170314, 93.63608487799497, 93.53782095928486, 93.37199343147715]
period = 1.5842952539062498
idx_f = 196
idx_peri = 186
t_last_peri = 0.47099350585937394
t_f_gyr = 0.04335034599548339
ra_f = 17.236355322728915
dec_f = -35.89465231397367
distance_f = 80.97163198950398
pmra_f = 0.14132264754828006
pmdec_f = -0.1943492266411698
radial_velocity_f = -0.1943492266411698
theta0 = -40.015993632361166
idx_peris = [18, 52, 86, 120, 153, 186]
idx_apos = [35, 69, 103, 136, 170, 203]
t_peris = [170.0244140625, 510.0732421875, 850.1220703125, 1189.912109375, 1520.126953125, 1850.0830078125]
t_apos = [340.048828125, 680.09765625, 1019.8876953125, 1350.1025390625, 1689.892578125, 2020.107421875]
