pericentre = 7.136675546193055
apocentre = 97.51319097424405
n_peris = 2
time_last_peri = -28.14753297508549
Lx_f = 16.104110036270015
Ly_f = -4.1150623346824915
Lz_f = 0.0003882438581861436
E_f = -1.521190481008163
period = -264.209574987787
period_apo = nan
dt = -148.5
peri_apo_max_err = 0.011488051266650423
x_i = -17.625383377075195
y_i = -68.98320007324219
z_i = -66.62947082519531
v_x_i = 0.030123131349682808
v_y_i = 0.11787554621696472
v_z_i = -0.12942881882190704
ra = 209.47
dec = 26.68
distance = 46.56
pmra = -1.16
pmdec = -0.88
radial_velocity = 188.0
x = 1.7426439313456041
y = 6.8240044247780896
z = 45.009197272909226
v_x = -9.283676889151463
v_y = -36.30766534950223
v_z = 249.97250515615076
orbit_name = "mean"
idx_i = 944
t_i = -160.17977528089887
ra_err = 0.11
dec_err = 0.06
distance_err = 4.257334903760167
pmra_err = 0.03
pmdec_err = 0.02
radial_velocity_err = 2
