bf_gradient = 0.44032972820107635
bf_rell = -0.735350355165692
R_grad_median = 5.667602787356444
R_grad_el = -2.8186230232453493
R_grad_ep = 3.469605805340162
theta_grad_median = -169.57307473170135
theta_grad_el = 39.10134807742509
theta_grad_ep = 40.92715616251354

[summary]
parameters = ["μ", "σ", "dlσ_dlR", "A", "B"]
mean = [75.89813838230565, 9.968267258890254, 0.14246229417780518, -0.014676106143048878, -0.07669895818962241]
std = [0.7589087917927448, 0.5560776102453353, 0.06602600918580934, 0.0474849789748911, 0.06509585939599397]
mcse = [0.0017772133186086075, 0.0013287515189431916, 0.0001657333296145804, 0.00010760060263290878, 0.00014970200493292127]
ess_bulk = [182439.43844339615, 179498.87482032267, 159418.9671634687, 194874.20064264248, 189000.70684478254]
ess_tail = [131832.5228987479, 126465.38124970862, 127925.11623669094, 132996.11154219895, 135514.2771678149]
rhat = [0.9999835061651021, 1.000049250606553, 1.000044015659328, 1.0001233044165967, 1.0000623043317933]
ess_per_sec = [3414.6145060434624, 3359.577660452613, 2983.7535264270095, 3647.34883008558, 3537.4180097846215]
median = [75.89953207401862, 9.943503629648738, 0.14340304702826545, -0.014809252949128396, -0.07685766669674596]
error_lower = [0.7548907509722795, 0.5248876160195941, 0.06665017849658218, 0.0471914618311754, 0.06469845784199385]
error_upper = [0.7498843240275761, 0.5731669690838359, 0.06446961738883289, 0.047111067065593565, 0.06509702194257472]
error_lower_2 = [1.4906957251254767, 0.9939554910078758, 0.13306640503899403, 0.09234362764255322, 0.1273288483837722]
error_upper_2 = [1.4806147951932331, 1.187828268978432, 0.1261893306928859, 0.09360849521325502, 0.1278848670230431]
