bf_gradient = 0.15886622991137483
bf_rell = 1.087163695325942
R_grad_median = 5.400206049520449
R_grad_el = -2.418536132751372
R_grad_ep = 2.729643679729886
theta_grad_median = -127.40179843967324
theta_grad_el = 35.544403004830585
theta_grad_ep = 48.754363918717516

[summary]
parameters = ["μ", "σ", "dlσ_dlR", "A", "B"]
mean = [75.98465381626332, 8.460770219034213, 0.05842265540458424, -0.05850348410879647, -0.04243754196667346]
std = [0.6698516438527308, 0.4823470210672533, 0.0627903219053677, 0.04148421894662805, 0.05907383094362552]
mcse = [0.0014824004377446322, 0.0010919613986726932, 0.00014058828366668512, 8.698274563832646e-5, 0.0001273492100554319]
ess_bulk = [204239.00310729883, 199459.0513030285, 200456.9007645661, 227520.6319089586, 215238.732311404]
ess_tail = [132256.22658976633, 125517.07787742693, 130980.63976393122, 132938.30405806203, 132765.14132846447]
rhat = [1.0000504978233342, 1.000063281907472, 1.0000651534404121, 1.0000673007467773, 1.000022884111379]
ess_per_sec = [1615.0610324872, 1577.2626013413715, 1585.1532968358606, 1799.1651990681453, 1702.0436055275147]
median = [75.98434876860557, 8.439282423949752, 0.05944304446028921, -0.058748810018470765, -0.04242420077680296]
error_lower = [0.6645032850345132, 0.4544535921301316, 0.06330395629935819, 0.04083554968288425, 0.058422308996990906]
error_upper = [0.6645742299438666, 0.49452149892762165, 0.06140656886348099, 0.04126041858374467, 0.05851196056640378]
error_lower_2 = [1.3119404704950597, 0.8628321820722515, 0.12624600109053746, 0.08094000872518134, 0.11594865682697689]
error_upper_2 = [1.308625409042449, 1.029568447235512, 0.119406069226568, 0.08205784959222537, 0.11599182963482133]
