bf_gradient = -0.8943186769979851
bf_rell = -4.056913415366072
R_grad_median = 4.372037565614132
R_grad_el = -1.4478162486792137
R_grad_ep = 1.4940135684905993
theta_grad_median = -154.42822823052745
theta_grad_el = 14.580770397585525
theta_grad_ep = 18.159383891221722

[summary]
parameters = ["μ", "σ", "dlσ_dlR", "A", "B"]
mean = [76.04056401862202, 9.695675319188364, 0.08302248066911257, -0.030382559556124566, -0.06347072902091548]
std = [0.25438080767168747, 0.18184821071628032, 0.02296809873964891, 0.017536943438659962, 0.026770489075775224]
mcse = [0.000523921137346717, 0.0003678775907265536, 4.509740915973588e-5, 3.5316503608811986e-5, 5.252559912669816e-5]
ess_bulk = [235745.4186897283, 244901.51932861115, 259375.8150221859, 246556.97288678234, 259740.48333838297]
ess_tail = [135109.94268156015, 135017.98796131878, 136198.0670801213, 136878.72699975353, 132945.21333635217]
rhat = [1.0001236968556781, 1.000040652500765, 1.000071187002236, 1.0000476084732672, 1.0000412844128024]
ess_per_sec = [944.2810054223744, 980.9558725951355, 1038.932831665115, 987.586810999064, 1040.3935148299379]
median = [76.04075868197265, 9.692879544287553, 0.08305316308611436, -0.030404693788452584, -0.06346645231520945]
error_lower = [0.2527249899671631, 0.17804687156225008, 0.022918665412935565, 0.017434053453636016, 0.026554243158212282]
error_upper = [0.2517556295761665, 0.183784869248802, 0.02291062931681849, 0.01748777467122519, 0.026535464932064004]
error_lower_2 = [0.49939995169062, 0.3460764491509245, 0.04516519060052101, 0.03423706989496473, 0.052494380700174745]
error_upper_2 = [0.49935917722092427, 0.3665100499332432, 0.04472074760095111, 0.03434631780714227, 0.05270391882872583]
