bf_gradient = -2.6931932794409366
bf_rell = -3.363975876609459
R_grad_median = 4.439639259594191
R_grad_el = -1.3066223535489585
R_grad_ep = 1.3699523695472084
theta_grad_median = -145.8603963583176
theta_grad_el = 13.692541628144795
theta_grad_ep = 17.365398018069897

[summary]
parameters = ["μ", "σ", "dlσ_dlR", "A", "B"]
mean = [76.06555970345357, 9.627405148626469, 0.06917891240469287, -0.040352488209290646, -0.05940870169501313]
std = [0.21903787119335455, 0.161253889776581, 0.020019477067090015, 0.016259986777846885, 0.025125584061125583]
mcse = [0.00044076175751646646, 0.0003242654669210312, 3.9742989144636966e-5, 3.231092931477877e-5, 5.1189799383943785e-5]
ess_bulk = [246973.80466403597, 247484.13432539222, 253698.4137342125, 253215.92370806166, 240941.85801433842]
ess_tail = [130985.16112735042, 132067.24971528913, 136156.62932572726, 135178.97571447864, 132817.36310841734]
rhat = [1.0001020532467726, 1.000119015530196, 1.0000657137941673, 1.0000174692259516, 1.000091935527171]
ess_per_sec = [843.52145969977, 845.2644543524252, 866.4888835790023, 864.8409732198329, 822.9197750405187]
median = [76.06552996984126, 9.625804872593491, 0.06920617227051493, -0.040377180726490776, -0.05940277568649162]
error_lower = [0.21820555342395664, 0.15873799126963206, 0.020012153758443924, 0.016125046016780352, 0.025012493377269282]
error_upper = [0.2175036084967985, 0.16172465438094363, 0.019930077335089127, 0.01623574179742107, 0.025018637434329166]
error_lower_2 = [0.4292560820360478, 0.3084864545189525, 0.039386099984614745, 0.031855312503725676, 0.049151005003106235]
error_upper_2 = [0.4289795655812867, 0.3230912167873665, 0.0390288063866798, 0.0319035802037468, 0.04929253662409996]
