bf_gradient = -1.3038476057120316
bf_rell = -4.602781071766251
R_grad_median = 4.32995150944811
R_grad_el = 1.3586135326695548
R_grad_ep = 1.418127225970668
theta_grad_median = -154.1791625123563
theta_grad_el = 13.559415959062505
theta_grad_ep = 16.843976643770787

[vz]
parameters = ["μ", "σ"]
mean = [76.06925817237651, 9.796424849928977]
std = [0.2557399307364036, 0.18358158260733304]
mcse = [0.000632862808366597, 0.00045555513339414096]
ess_bulk = [163249.83679956137, 162989.9939852129]
ess_tail = [120618.77452257364, 113851.60125051491]
rhat = [1.000061301936423, 1.0000720883744845]
ess_per_sec = [351.107385843339, 350.54853241313265]
median = [76.0685989357991, 9.793538987081835]
error_lower = [0.25260046227583643, 0.178870162594567]
error_upper = [0.25453630161761964, 0.18600465777131348]
error_lower_2 = [0.4998587474152032, 0.3491141084043452]
error_upper_2 = [0.5055449355402288, 0.37041324588984814]

[gradient]
parameters = ["μ", "σ", "A", "B"]
mean = [76.07572052262691, 9.769382305777466, -0.029055736287221332, -0.06383363780659394]
std = [0.25561404477947364, 0.1829942647034716, 0.016395961332692204, 0.025107464816503514]
mcse = [0.0005059478174962922, 0.00034930552874970185, 3.100230296824776e-5, 4.851951996144397e-5]
ess_bulk = [255244.29797972977, 275514.62818926695, 279760.4132875025, 267815.75489833823]
ess_tail = [134230.3403099092, 130951.39004833762, 131002.18385057093, 131681.26769119114]
rhat = [1.0000391867590461, 1.0000909792657247, 1.0001755197038573, 1.000118910417712]
ess_per_sec = [356.4431388640344, 384.75021636933354, 390.6793633839219, 373.998906415475]
median = [76.07626881009229, 9.766460972740848, -0.02906244896591411, -0.06374371530808065]
error_lower = [0.25456046285664513, 0.17855367849086612, 0.0162752768373247, 0.025058526804295073]
error_upper = [0.25378734201169095, 0.1844219677131207, 0.01627329808127325, 0.024847239762915536]
error_lower_2 = [0.4998548759297421, 0.34749950259513973, 0.032273265197659426, 0.049258155677361304]
error_upper_2 = [0.49861623188132853, 0.3689193129612818, 0.03218155829312842, 0.04920838420544984]

[rell]
parameters = ["μ", "σ", "dlσ_dlR"]
mean = [76.0310423264337, 9.735889042201418, 0.08498269780597643]
std = [0.25486304934726256, 0.18233788995638386, 0.022969844420839085]
mcse = [0.0005298531106636199, 0.00037279556689241754, 4.656832080065903e-5]
ess_bulk = [231413.62880460874, 239820.05113491442, 243440.93394715464]
ess_tail = [128429.67405615786, 125678.10176033477, 129360.30252512293]
rhat = [1.0000772142663625, 1.0002121075639718, 1.0000839343195376]
ess_per_sec = [220.3704260160904, 228.37568862646498, 231.8237806511635]
median = [76.03081961779046, 9.733342917368038, 0.08507891115021787]
error_lower = [0.25389005040285895, 0.17862781802266525, 0.022998180178379346]
error_upper = [0.25394335092249776, 0.1832472078284102, 0.0227582374283513]
error_lower_2 = [0.49882102235221737, 0.3469406007286331, 0.04542126351882702]
error_upper_2 = [0.49986553386989385, 0.3688775688213859, 0.044641913469239125]
