bf_gradient = -2.004382354888425
bf_rell = 1.6108372408023615
"Θ_grad_median" = -134.10574344404802
"Θ_grad_err" = [-16.48831735782659, 22.121468326645896]
Nmemb = 1330
Nqual = 1417

[vz]
parameters = ["μ", "σ"]
mean = [75.86991734171856, 9.574235678944321]
std = [0.2755698396445684, 0.20428543819045833]
mcse = [0.0006840925309839536, 0.0005053263135460324]
ess_bulk = [162293.91045921567, 163921.34906932033]
ess_tail = [117710.8063084837, 118129.74831461837]
rhat = [1.0000710644582926, 1.0001137591388798]
ess_per_sec = [483.9076350526136, 488.76012746456377]
median = [75.86992790193659, 9.570446236586836]
error_lower = [0.27385810562093127, 0.19963812118095525]
error_upper = [0.2729855674205055, 0.2068382433085052]
error_lower_2 = [0.5409739827808124, 0.3860216900543314]
error_upper_2 = [0.5417236799661396, 0.414781357736663]

[gradient]
parameters = ["μ", "σ", "A", "B"]
mean = [75.8897572002064, 9.53973813335115, -0.06038170128025502, -0.058837070891225654]
std = [0.2745255441554007, 0.20318908976855352, 0.021965398790524185, 0.034097297806141416]
mcse = [0.0005427201918676646, 0.0003997344114543551, 4.3573103290508346e-5, 6.665276159728706e-5]
ess_bulk = [255886.0402271838, 259370.79680883294, 254100.85877570178, 261726.27347755161]
ess_tail = [132330.74616545407, 131090.31665610423, 133386.13220604838, 134564.87400262602]
rhat = [1.00014308773833, 1.0001621861417065, 1.0000500286886085, 1.0001148735386813]
ess_per_sec = [346.1348068115901, 350.8486065370602, 343.72000748809535, 354.034839209043]
median = [75.88944001237766, 9.536084016228774, -0.060432653352052904, -0.058783027042097126]
error_lower = [0.2724162119518212, 0.19861284801298495, 0.0217364675743401, 0.03391387707494512]
error_upper = [0.27236778561074004, 0.20558261701277303, 0.021951572721552993, 0.0337607551238725]
error_lower_2 = [0.5371692624140536, 0.3848814549725219, 0.042879143345545545, 0.066849398880309]
error_upper_2 = [0.5406794313927747, 0.40946161014728766, 0.043145363826583474, 0.06705802032040113]

[rell]
parameters = ["μ", "σ", "dlσ_dlR"]
mean = [75.85585833276717, 9.615763002118486, 0.0338318055962167]
std = [0.2741884287462447, 0.20820744724075207, 0.027343962164614925]
mcse = [0.0005650728495014281, 0.0004368563499052898, 5.74788268620175e-5]
ess_bulk = [235399.4573072682, 227968.73549218153, 226303.02770362337]
ess_tail = [129477.99431233434, 129059.14157967843, 130474.2397396057]
rhat = [1.0000605370290638, 1.000136326916903, 1.000103533422431]
ess_per_sec = [267.48479322408343, 259.04125171829435, 257.1485051992884]
median = [75.85555052311254, 9.612089937891827, 0.03376527649989729]
error_lower = [0.2723344550219622, 0.2027007070613589, 0.02701967935460741]
error_upper = [0.2727852995058129, 0.2101646627085927, 0.027319751993194946]
error_lower_2 = [0.5362976801741013, 0.3948579180249361, 0.05357263379331899]
error_upper_2 = [0.5378206966631609, 0.4226870908531488, 0.05342068809626056]
