bf_gradient = 0.3924589600697332
bf_rell = 1.1022168423181804
"Θ_grad_median" = -151.46647140172445
"Θ_grad_err" = [35.8012202579973, -44.33325725296376]

[vz]
parameters = ["μ", "σ"]
mean = [74.6994078950452, 8.34773315533876]
std = [0.8481673949362517, 0.6136551789139023]
mcse = [0.0021656473815254043, 0.0015915395972149803]
ess_bulk = [153431.8070056695, 152759.07561758536]
ess_tail = [116713.2045494326, 112862.41562280392]
rhat = [1.0002819235381435, 1.000071980007625]
ess_per_sec = [1428.4818498046673, 1422.2185814744141]
median = [74.69881950565907, 8.310667367731675]
error_lower = [0.8408625394375662, 0.5638647393189418]
error_upper = [0.8406535010585827, 0.6387807704896833]
error_lower_2 = [1.6683699607093132, 1.0637154718042776]
error_upper_2 = [1.6571146051241925, 1.3473536092777554]

[gradient]
parameters = ["μ", "σ", "A", "B"]
mean = [74.75777603867874, 8.307993098112439, -0.03993824946203201, -0.0695748899292353]
std = [0.8540170317586515, 0.61461797955002, 0.04847982338552923, 0.06628831148833944]
mcse = [0.001773986774801765, 0.0013211038190385136, 0.00010106423208933013, 0.00013790305814489107]
ess_bulk = [231990.32350578936, 222042.25208795283, 230262.54779469158, 231151.9680800147]
ess_tail = [133643.3877167772, 123111.48469552388, 137082.81657601934, 133680.95785366633]
rhat = [1.0001373603691903, 1.0000403440589034, 0.9999809001349241, 1.0000245858540326]
ess_per_sec = [1190.2066711085256, 1139.168934761399, 1181.3424644189886, 1185.9055597283686]
median = [74.75694646426228, 8.271120476928061, -0.040188621249577575, -0.06962900771745596]
error_lower = [0.841288039846205, 0.5688711873410934, 0.04762168674474966, 0.06606834669571442]
error_upper = [0.8461144979110173, 0.6417584263798286, 0.04816730213024001, 0.06569869463467236]
error_lower_2 = [1.6781298702975533, 1.064326587170676, 0.09446989350317432, 0.1295491496303507]
error_upper_2 = [1.6783328018303365, 1.3393915056392665, 0.09591385612232503, 0.1307498111569161]

[rell]
parameters = ["μ", "σ", "dlσ_dlR"]
mean = [74.7447030137337, 8.310321589738125, 0.04790413903854041]
std = [0.8495217772123004, 0.6283669957917295, 0.0831797384028037]
mcse = [0.0018588308066487848, 0.0014724113230520756, 0.00018809492427145584]
ess_bulk = [209156.98865388994, 189063.30831421813, 196252.31406117976]
ess_tail = [128963.17319396992, 117486.00499357282, 126774.32704590238]
rhat = [1.0000463225174012, 1.0000287479995078, 1.0000525490862906]
ess_per_sec = [1028.7185032997074, 929.8896719140367, 965.248104256287]
median = [74.74702756590275, 8.272110408263307, 0.04929113481115767]
error_lower = [0.844518750772167, 0.5797602554304904, 0.08395792071410905]
error_upper = [0.8387154993797452, 0.6554845622713152, 0.08110325623327423]
error_lower_2 = [1.6683785474728694, 1.0833401736538413, 0.16831517369406948]
error_upper_2 = [1.657206295084137, 1.3796637756749082, 0.15834675391757785]
