bf_gradient = -2.3565445659186306
bf_rell = 1.6266248689518072
"Θ_grad_median" = -134.11265269204915
"Θ_grad_err" = [-16.471330297268935, 22.52626955830695]
Nmemb = 1329
Nqual = 1417

[vz]
parameters = ["μ", "σ"]
mean = [75.85822750119354, 9.569907790405011]
std = [0.2750684469572881, 0.2040548152539361]
mcse = [0.0006790008219114413, 0.0005101372496155766]
ess_bulk = [164047.3800064601, 160723.85970254868]
ess_tail = [119002.38544514362, 118061.05504238138]
rhat = [1.0001779939131576, 1.0001242446338006]
ess_per_sec = [472.8230625083516, 463.24389673110966]
median = [75.8583004356269, 9.566366968766216]
error_lower = [0.2740544115357295, 0.19823758049084006]
error_upper = [0.27524227141765323, 0.20628570617055075]
error_lower_2 = [0.5398157458836437, 0.38864233762521927]
error_upper_2 = [0.5363492716812033, 0.41309154565696105]

[gradient]
parameters = ["μ", "σ", "A", "B"]
mean = [75.87947749310717, 9.537155827568604, -0.059586351185495094, -0.05799116925591296]
std = [0.2740246721367597, 0.2032612471057185, 0.02195995090664483, 0.03401222393523078]
mcse = [0.0005452988578248314, 0.0004106822898051144, 4.464494271380844e-5, 6.688882261205099e-5]
ess_bulk = [252505.34810651385, 245585.1099281979, 241988.4108510188, 258520.16277255496]
ess_tail = [132394.28643844323, 131174.60527540636, 133225.11594578443, 134421.13322554406]
rhat = [1.0000770967653938, 1.0000699682830974, 1.0000872239453715, 1.000037461819919]
ess_per_sec = [389.51005779514804, 378.8350269769691, 373.2868258163631, 398.788399128372]
median = [75.87964332505075, 9.53347496862306, -0.059603400310167795, -0.05794493834116732]
error_lower = [0.27263228619935376, 0.1983583687262147, 0.02174058496267328, 0.03384269206273911]
error_upper = [0.2722674636469975, 0.2061402910197998, 0.021753926815215284, 0.03373015716644944]
error_lower_2 = [0.5379693676587891, 0.38492449043281063, 0.04317754349721663, 0.06682808362227029]
error_upper_2 = [0.5360445733788168, 0.411898655142382, 0.04307507882035731, 0.06673651330024463]

[rell]
parameters = ["μ", "σ", "dlσ_dlR"]
mean = [75.84551239604747, 9.61107472020227, 0.03388490271235118]
std = [0.27539533630917074, 0.20943092224017296, 0.027192163485244912]
mcse = [0.0005757765949509895, 0.0004420343703597772, 5.745023166373723e-5]
ess_bulk = [228772.88203015755, 225404.22543622678, 224054.37018163272]
ess_tail = [128618.44390702847, 128920.97889492803, 130258.05927117364]
rhat = [1.0001083773247736, 1.0000160275743988, 1.0000098886865694]
ess_per_sec = [281.187669577809, 277.04721075747364, 275.3880864332164]
median = [75.84610994822718, 9.607251980348924, 0.0339548983619605]
error_lower = [0.2755442161912356, 0.20440663200593967, 0.02711079025265608]
error_upper = [0.27282809011671816, 0.21164656948208638, 0.026952595121950605]
error_lower_2 = [0.5402361853238062, 0.39749491255983926, 0.05329923392634959]
error_upper_2 = [0.5378596720294837, 0.42420285761153487, 0.05314225320496896]
