bf_gradient = -1.7398014910274437
bf_rell = 0.7467791809448614
R_grad_median = 5.185840950755923
R_grad_el = -1.6948106545499169
R_grad_ep = 1.8253142120040158
theta_grad_median = -135.28741410336775
theta_grad_el = 17.403989256289776
theta_grad_ep = 23.369372911131194

[summary]
parameters = ["μ", "σ", "dlσ_dlR", "A", "B"]
mean = [75.89286517322809, 9.542577590351778, 0.04958825785820929, -0.057778263734924167, -0.05846609917805963]
std = [0.2729562647120094, 0.20585014626125675, 0.02681603984348093, 0.022838477298651825, 0.035247748771811596]
mcse = [0.0005573813467320651, 0.00042496229962847874, 5.597462265887863e-5, 4.7394093881445655e-5, 7.042491362148561e-5]
ess_bulk = [239855.81395933332, 235059.37370974434, 229586.2311323497, 232341.59176798802, 250508.36749082472]
ess_tail = [134232.03959751938, 136566.57827393088, 138790.59768651315, 135944.32190315792, 135367.44157081965]
rhat = [1.000199528509067, 0.999996415176378, 1.0001266451727118, 1.0000857542952084, 1.0001459871935132]
ess_per_sec = [1013.85082344305, 993.5766644957681, 970.4421403943279, 982.0888234711788, 1058.8782922018636]
median = [75.89322939060294, 9.539496910379352, 0.04966825339291274, -0.05783149556694092, -0.058451205572869896]
error_lower = [0.27106096984265093, 0.20156695800371693, 0.026747721613554137, 0.022539510797623924, 0.03505639932062443]
error_upper = [0.2709601483201425, 0.20765361705170093, 0.026547942821203346, 0.022737827663350405, 0.03506082856303531]
error_lower_2 = [0.5356097612484092, 0.39182749467661715, 0.05274550044796326, 0.0447315431488004, 0.06899595337459402]
error_upper_2 = [0.532877054938993, 0.4160310219757122, 0.05229699942866381, 0.045068340449015185, 0.06901893492000133]
