bf_gradient = -1.3999952091969023
bf_rell = -4.544071105978541
"Θ_grad_median" = -153.85199895907283
"Θ_grad_err" = [-13.385284091009424, 19.31536536595806]
Nmemb = 1480
Nqual = 1522

[vz]
parameters = ["μ", "σ"]
mean = [76.07250955291897, 9.804914214655946]
std = [0.25778129957374823, 0.1830734517010719]
mcse = [0.0006318092496068727, 0.00045020508658655093]
ess_bulk = [166491.71854374697, 165736.25649737456]
ess_tail = [117610.25522118763, 117894.41469149877]
rhat = [1.0000568301871062, 1.0001309230484277]
ess_per_sec = [458.72058406093157, 456.6391232280508]
median = [76.07236931485136, 9.802444841240174]
error_lower = [0.25743553203408, 0.17881464142536885]
error_upper = [0.2569167216327344, 0.1837928637859676]
error_lower_2 = [0.5028072154243972, 0.3492347200061623]
error_upper_2 = [0.506728292016291, 0.36909142333557377]

[gradient]
parameters = ["μ", "σ", "A", "B"]
mean = [76.07944476281818, 9.779125323294153, -0.02895696967500942, -0.06299529620482196]
std = [0.25551340897831376, 0.18347720224196737, 0.01643094907401097, 0.02525556399329383]
mcse = [0.0004994440855107195, 0.0003519457723465539, 3.1433284244225036e-5, 4.942207349297409e-5]
ess_bulk = [261745.6847207545, 272308.4821465826, 273226.0298730508, 261095.46927768952]
ess_tail = [133213.54726653377, 132689.97718805852, 133622.15467217905, 134053.08997341504]
rhat = [1.0000751643310755, 1.0000453288676368, 1.0000842585951133, 1.0000353950124914]
ess_per_sec = [317.32134510190156, 330.1269089864736, 331.2392768143089, 316.53307140325575]
median = [76.0788651381686, 9.776760038155832, -0.028953031112102956, -0.06304771091589736]
error_lower = [0.2530273976521755, 0.1803988556570033, 0.01635087352418109, 0.025010582576050447]
error_upper = [0.2546193605576974, 0.18451291230168465, 0.016363488996224737, 0.025152123421808212]
error_lower_2 = [0.5007056702336996, 0.3496661821487983, 0.03215705632533043, 0.04933316038154627]
error_upper_2 = [0.5011418130002596, 0.36880353946444266, 0.03209299313358766, 0.04960515056297464]

[rell]
parameters = ["μ", "σ", "dlσ_dlR"]
mean = [76.03436376510477, 9.74478364004376, 0.08456165909094208]
std = [0.25490727120262624, 0.18263838845791436, 0.022946524672468476]
mcse = [0.0005260191894708503, 0.0003764567955146236, 4.740633002980884e-5]
ess_bulk = [234849.48580700756, 235948.5403279651, 234322.31756791755]
ess_tail = [126883.03047094565, 125127.91432212027, 123155.38072872491]
rhat = [1.0001062261211457, 1.0000775435316471, 1.0000187879631273]
ess_per_sec = [227.5029602157215, 228.5676342817392, 226.99228277262398]
median = [76.03446889966045, 9.74144194739699, 0.08465137889822555]
error_lower = [0.2533545297916078, 0.17805400613590372, 0.022848713514189142]
error_upper = [0.2528747425175766, 0.18530091978271912, 0.022690576794290845]
error_lower_2 = [0.5010050819091276, 0.3476898777469888, 0.045540676897016186]
error_upper_2 = [0.4991419306834075, 0.3688966830966738, 0.04477393462766199]
