bf_gradient = -1.2511762526319008
bf_rell = -3.6737188042703917
R_grad_median = 4.36838637884083
R_grad_el = -1.4535690778554118
R_grad_ep = 1.5016791563309075
theta_grad_median = -154.37780052451774
theta_grad_el = 14.598612286253172
theta_grad_ep = 18.288294429164267

[summary]
parameters = ["μ", "σ", "dlσ_dlR", "A", "B"]
mean = [76.0397002032943, 9.696641924083973, 0.08260226568991469, -0.030383687354227914, -0.06338221934718373]
std = [0.2541367790014766, 0.18187430716777675, 0.022946354798345298, 0.0175734804171532, 0.02690251372897413]
mcse = [0.0005033981465949565, 0.0003603237558099199, 4.526599866354142e-5, 3.4777387215800476e-5, 5.417876355569385e-5]
ess_bulk = [254872.44694165548, 255438.89240496585, 257072.8303342001, 255364.8481186897, 246536.24473614275]
ess_tail = [134452.0249622008, 134828.94120436703, 132898.61979214317, 130417.50877412838, 132452.588852411]
rhat = [1.0001193212932402, 1.000066831924019, 1.0000556965861882, 1.0000433532319413, 1.0000366055890688]
ess_per_sec = [899.608022666133, 901.6073713180236, 907.374584240863, 901.3460216320692, 870.1842286364745]
median = [76.03946719369063, 9.693926778534347, 0.08269440673165211, -0.03039329259052953, -0.06343675608962246]
error_lower = [0.2517209372597762, 0.17899082316354686, 0.022841413997071854, 0.017447371514177294, 0.026740924512173442]
error_upper = [0.2527170054993064, 0.18389720253663633, 0.02272784476298384, 0.017425180587334013, 0.02687675142817513]
error_lower_2 = [0.4981558556132626, 0.3443412944870037, 0.0452857100256969, 0.03439660522618661, 0.052544572744787035]
error_upper_2 = [0.4994818244257999, 0.36777344930923306, 0.044826775109852626, 0.034529829890390384, 0.05272028339991766]
