bf_gradient = -2.3016482989161005
bf_rell = -3.1814796151482017
R_grad_median = 4.4300138883623905
R_grad_el = -1.3088501437174234
R_grad_ep = 1.3747633444135179
theta_grad_median = -145.81307705940083
theta_grad_el = 13.739643969110205
theta_grad_ep = 17.57171532802562

[summary]
parameters = ["μ", "σ", "dlσ_dlR", "A", "B"]
mean = [76.06605451664943, 9.627495546623186, 0.06904165683124988, -0.04029726620150916, -0.05921804776161794]
std = [0.21961331063743844, 0.16085155346992394, 0.02002111845864946, 0.016252298053435567, 0.02520404860346679]
mcse = [0.00044839065324706967, 0.0003201492718931692, 4.070863671946996e-5, 3.276051539233835e-5, 5.142696907553082e-5]
ess_bulk = [239874.99154080596, 252973.43085096392, 241867.30002260688, 246130.58032390536, 240179.1790384576]
ess_tail = [133476.45714281214, 134762.83509292302, 138177.14616671304, 133927.9198476992, 131346.11673793828]
rhat = [1.0000640995731334, 1.0001556342715214, 1.0000262163350455, 1.0000915317944743, 1.0000702404028048]
ess_per_sec = [445.20889608755505, 469.51964923563065, 448.9066282027329, 456.8192926470797, 445.7734692394423]
median = [76.06652413925875, 9.625405126046967, 0.06905045805768059, -0.040329565008618916, -0.059233282645098015]
error_lower = [0.21810268720422243, 0.15751040492395774, 0.019797339850651435, 0.01613484246307033, 0.02511533055207317]
error_upper = [0.2177682839677857, 0.1618595369663911, 0.019836596653473926, 0.016184125533939785, 0.02505380342249213]
error_lower_2 = [0.4323050352439566, 0.3073232867193685, 0.039523943688409356, 0.03187224874804479, 0.049298049875654976]
error_upper_2 = [0.4296104242779677, 0.32262340215591223, 0.039147307177548704, 0.031877595683175795, 0.049375927593129594]
