bf_gradient = -2.6677617261661424
bf_rell = -3.242983044461515
"Θ_grad_median" = -152.7047892126982
"Θ_grad_err" = [-12.190831435499206, 15.618234444215034]
Nmemb = 1481
Nqual = 1522

[vz]
parameters = ["μ", "σ"]
mean = [76.04766513154492, 9.769085403205215]
std = [0.2553776812726557, 0.18230961900452833]
mcse = [0.0006382761182594028, 0.00044704478550134047]
ess_bulk = [160053.61409341017, 166553.09992763534]
ess_tail = [116395.39785552284, 119916.83472903691]
rhat = [1.0001173988087495, 1.0001273290911212]
ess_per_sec = [383.05275524525155, 398.6078301529911]
median = [76.04686106495598, 9.766753576588584]
error_lower = [0.2535333256347059, 0.17838722969748844]
error_upper = [0.2560046356348522, 0.18304763957426928]
error_lower_2 = [0.49973736329243934, 0.3485600057926366]
error_upper_2 = [0.5000950982075381, 0.36778875037494174]

[gradient]
parameters = ["μ", "σ", "A", "B"]
mean = [76.0551883171188, 9.734133299165437, -0.03503933050210759, -0.06967938200299267]
std = [0.25569618281553536, 0.18264132194310245, 0.016410521204128642, 0.02520652290633974]
mcse = [0.0004904831525117428, 0.00035489869714508377, 3.094375866649474e-5, 4.8402397685264977e-5]
ess_bulk = [271919.60108801606, 265648.5459405794, 281305.00178759545, 271235.19139206514]
ess_tail = [130651.34656870735, 132122.4964563906, 134795.81020244447, 130972.26009856202]
rhat = [1.000044594832907, 1.0001047576797597, 1.0001263309078738, 1.000032105873718]
ess_per_sec = [390.2097295535169, 381.2106477539508, 403.67795565446966, 389.227588798337]
median = [76.0555202418035, 9.73130434256785, -0.03507224215253423, -0.06974104024099562]
error_lower = [0.2543048882026113, 0.17814864434263633, 0.016289009914742213, 0.024979618373139154]
error_upper = [0.2526718697625512, 0.18408573605177914, 0.01636183047416961, 0.02517181735434989]
error_lower_2 = [0.5016908713462271, 0.34694420612949095, 0.03212004292207212, 0.04919372278342539]
error_upper_2 = [0.5025725341066476, 0.3679629537733895, 0.03225696379001984, 0.04966981959106953]

[rell]
parameters = ["μ", "σ", "dlσ_dlR"]
mean = [76.01821365730778, 9.717670670385946, 0.07952387089557897]
std = [0.25279638598596127, 0.1822063090724195, 0.023265275920182234]
mcse = [0.0005093972927256397, 0.0003704904535830736, 4.5884810001291304e-5]
ess_bulk = [246263.46495407494, 242451.32144892396, 256992.03242012163]
ess_tail = [125879.6981312862, 123730.31572080612, 132650.5673867299]
rhat = [1.0000734171686674, 1.0000954449944504, 1.0000135196619837]
ess_per_sec = [282.2484486686337, 277.87925979755323, 294.5447165063869]
median = [76.0174686534161, 9.71433471450105, 0.07967966065510049]
error_lower = [0.25034792864666144, 0.1772125202704533, 0.023325313939976257]
error_upper = [0.2526222670173155, 0.1842656693409097, 0.02307776535944636]
error_lower_2 = [0.4943715869306118, 0.3454758309249488, 0.04585382823580187]
error_upper_2 = [0.496516453692621, 0.36794847583831647, 0.044959053973071886]
