bf_gradient = -3.6935133119555994
bf_rell = -0.22851217178122907

[vz]
parameters = ["μ", "σ"]
mean = [75.97875751709906, 9.67910866993201]
std = [0.22538102675623758, 0.1639647602035719]
mcse = [0.0005722841745336685, 0.0004060859104347228]
ess_bulk = [155137.43939666857, 163149.9901947018]
ess_tail = [120115.24651109675, 117080.36257297403]
rhat = [1.0000721516641233, 1.000189849360851]
ess_per_sec = [325.11848850449854, 341.91023403448185]
median = [75.97891452041748, 9.676947147559718]
error_lower = [0.22431716831935944, 0.1613615387175784]
error_upper = [0.22409789195731378, 0.1661959528364818]
error_lower_2 = [0.44211402635626484, 0.3130060258785736]
error_upper_2 = [0.43991465750845293, 0.32839554322326414]

[gradient]
parameters = ["μ", "σ", "A", "B"]
mean = [75.9910301968307, 9.649611169107724, -0.04173827623213185, -0.06568443584867023]
std = [0.225574634444567, 0.1628593010180758, 0.015638420033910846, 0.02418410600383569]
mcse = [0.0004489095411431899, 0.00032578896123054604, 3.0355519827908037e-5, 4.693880326646427e-5]
ess_bulk = [252469.21556149278, 250215.22539467583, 265452.0027080887, 265509.63147767243]
ess_tail = [131490.94095953795, 129805.48965360594, 129596.98271647673, 134182.7633985573]
rhat = [1.0001242037126514, 1.0001201507644724, 1.000115886887159, 1.0000759597571174]
ess_per_sec = [262.41282472894676, 260.07006018527653, 275.9069445582339, 275.96684306181373]
median = [75.99037124968567, 9.647707250743451, -0.041716389073633425, -0.06567490730086778]
error_lower = [0.22436147522464012, 0.16031072868479157, 0.015533402410996176, 0.02399205920088797]
error_upper = [0.22531480541229598, 0.16340148836363255, 0.015479035283344062, 0.024011258296737108]
error_lower_2 = [0.4410434630740667, 0.31201111129060344, 0.030809334513061865, 0.04745855798068921]
error_upper_2 = [0.4422520818713451, 0.32665575866180063, 0.030661456475326494, 0.04733597800160454]

[rell]
parameters = ["μ", "σ", "dlσ_dlR"]
mean = [75.96557052532626, 9.70179961381875, 0.05092492775607287]
std = [0.22506195439804777, 0.16537260368979728, 0.021040987328117593]
mcse = [0.0004579994190958784, 0.0003341087938100743, 4.285686196996337e-5]
ess_bulk = [241467.91848342452, 245712.28338558433, 241066.53683188683]
ess_tail = [129276.65053441418, 128436.35671639252, 125698.35686970323]
rhat = [1.0001013140429194, 1.0002198370018067, 1.000259578704237]
ess_per_sec = [219.84185533251014, 223.70609146234224, 219.47642174810406]
median = [75.96449714043693, 9.699440867133346, 0.05098771886688668]
error_lower = [0.22350074026421396, 0.16223838734373786, 0.020915716978394314]
error_upper = [0.22444593851058414, 0.16701435910344387, 0.020854186653025943]
error_lower_2 = [0.4375535257971279, 0.3145996943989928, 0.041392162679248584]
error_upper_2 = [0.4440346613120454, 0.33234527635234734, 0.04101048934964286]
