bf_gradient = -1.6263830857649102
bf_rell = 0.7494313782837917
R_grad_median = 5.181310433948717
R_grad_el = -1.6948799396660514
R_grad_ep = 1.8082055810378233
theta_grad_median = -135.33217473784708
theta_grad_el = 17.175567988288066
theta_grad_ep = 23.37551873738171

[summary]
parameters = ["μ", "σ", "dlσ_dlR", "A", "B"]
mean = [75.89102209419009, 9.542174446941344, 0.04930867232484918, -0.057786752190567496, -0.05840314104139934]
std = [0.2724353251982223, 0.2062568288772486, 0.026923093228981305, 0.022720820199420916, 0.03494370697498495]
mcse = [0.0005350971909310354, 0.00042933916871786275, 5.557441663801581e-5, 4.600937638209578e-5, 7.003949026890474e-5]
ess_bulk = [259200.1256787875, 231262.11108373397, 234707.28882832496, 243919.16438940118, 248975.2368501611]
ess_tail = [134392.12909025577, 135726.8510343702, 135394.06560823254, 135302.35981496223, 133202.19427436072]
rhat = [1.0000274792647286, 1.0000541941768897, 1.000068297829641, 1.000067699123057, 1.0001299841925306]
ess_per_sec = [964.3112941140115, 860.3725211732968, 873.1897364452384, 907.4609993169508, 926.27128254888]
median = [75.89029748450272, 9.539105017614876, 0.049364616410932906, -0.05779151062809543, -0.05838592746889264]
error_lower = [0.2701245838082116, 0.20204351072213633, 0.02673767349056592, 0.022498765084617345, 0.03478165162960546]
error_upper = [0.2717197872421053, 0.2085771010463091, 0.026739796698500094, 0.022485453002979487, 0.034766346617456506]
error_lower_2 = [0.5317933033649496, 0.3915118967690052, 0.05294108645628496, 0.04452270043977592, 0.06829192006375483]
error_upper_2 = [0.5358565611305579, 0.4169360945137708, 0.05248507631410678, 0.044469853402803954, 0.06817746891357887]
