bf_gradient = 0.3719231218104167
bf_rell = 1.0940635519450859
"Θ_grad_median" = -151.44295730539085
"Θ_grad_err" = [35.7936253193177, -43.65891758371751]
Nmemb = 98
Nqual = 102

[vz]
parameters = ["μ", "σ"]
mean = [74.69542962898772, 8.347134520731148]
std = [0.848711163216625, 0.6155910556370509]
mcse = [0.002152272977091317, 0.0016063305309126582]
ess_bulk = [155579.4378324155, 150595.36288367625]
ess_tail = [112630.17896980849, 112196.5163545074]
rhat = [1.0001457122916202, 1.0000909433103715]
ess_per_sec = [1581.606191367269, 1530.9385459059476]
median = [74.69362362807183, 8.309861377421788]
error_lower = [0.8406139310909282, 0.5695998711163988]
error_upper = [0.8431711041073839, 0.6410654221722325]
error_lower_2 = [1.6561213565838955, 1.060722121713015]
error_upper_2 = [1.6648262545923984, 1.3519604493128536]

[gradient]
parameters = ["μ", "σ", "A", "B"]
mean = [74.75693678315068, 8.307327092473964, -0.04004776321680548, -0.06956866257036874]
std = [0.8532022210111911, 0.6162307509292462, 0.04828497195640389, 0.06579551673634107]
mcse = [0.0017829829638158884, 0.0013562074790961038, 0.00010202045890791045, 0.00013869391226848955]
ess_bulk = [229235.60480536296, 213273.2052533294, 224054.4432322391, 225306.07064349524]
ess_tail = [133624.59716067588, 126067.90041234673, 136482.28471554164, 133821.95863661365]
rhat = [1.0000967691092701, 1.000001681554347, 1.0001131749310441, 1.0002005706288721]
ess_per_sec = [1164.5132857103238, 1083.4245457393124, 1138.1930659851314, 1144.5513136509098]
median = [74.75618419179418, 8.269018437827413, -0.04033769912759464, -0.06983569212400731]
error_lower = [0.8424850729244611, 0.5676550003511212, 0.0476961956556051, 0.06508190842712946]
error_upper = [0.8462819439640725, 0.6435189850325891, 0.04831850840419234, 0.0658831501150393]
error_lower_2 = [1.6667948450741932, 1.062112794954353, 0.09407975187243756, 0.12746021717340658]
error_upper_2 = [1.6742900765440822, 1.3497349954016098, 0.09516403351658512, 0.1301657391454467]

[rell]
parameters = ["μ", "σ", "dlσ_dlR"]
mean = [74.74828233951833, 8.309123427714173, 0.04802670098734311]
std = [0.8540554612213407, 0.6265558808095067, 0.08316082672622976]
mcse = [0.0018667215158594413, 0.0014365819531190166, 0.00018535400247970713]
ess_bulk = [209492.60526885843, 195510.6466618971, 202231.10714068942]
ess_tail = [128298.86297265645, 118475.34312335002, 122997.26182080731]
rhat = [1.000045291997627, 1.0000723478171654, 1.0000953134023192]
ess_per_sec = [1263.365950445712, 1179.0463612081528, 1219.5747652027753]
median = [74.7506592180001, 8.270228093329276, 0.04930325300297993]
error_lower = [0.8507231030174438, 0.5764592432185021, 0.0835225924938754]
error_upper = [0.8439401648370932, 0.6540072446945278, 0.08112249403056969]
error_lower_2 = [1.6840797255959217, 1.0793587525377264, 0.16860473864746867]
error_upper_2 = [1.666593810801885, 1.378239778814761, 0.15892889612620326]
