bf_gradient = -2.5056965068594446
bf_rell = -3.31519944889801
"Θ_grad_median" = -152.7454298830283
"Θ_grad_err" = [-12.13687439967805, 15.686639315087803]
Nmemb = 1481
Nqual = 1522

[vz]
parameters = ["μ", "σ"]
mean = [76.04936928598603, 9.768801040787949]
std = [0.25661787144989684, 0.1827412413544556]
mcse = [0.000628418678989492, 0.00045478729658845346]
ess_bulk = [166770.64126770737, 161982.09526524795]
ess_tail = [116942.14790705207, 116539.82280915034]
rhat = [1.000110404268462, 1.0000535828721744]
ess_per_sec = [511.31856728244395, 496.6368915226606]
median = [76.05005901435959, 9.766047179681294]
error_lower = [0.2563673861288578, 0.1789299980220349]
error_upper = [0.25507297072557833, 0.18396154728780445]
error_lower_2 = [0.5028049629283515, 0.3466529698113927]
error_upper_2 = [0.4994932371948835, 0.36911486771552404]

[gradient]
parameters = ["μ", "σ", "A", "B"]
mean = [76.05547731571738, 9.734026531001053, -0.03510572074332112, -0.06969228577796668]
std = [0.25599211654210124, 0.18214960684909903, 0.016394781691954203, 0.0252760078216474]
mcse = [0.0005021827609491776, 0.00035242846254329507, 3.137459786614129e-5, 4.905850504130752e-5]
ess_bulk = [259844.6828666557, 267670.28241640446, 273027.4027447137, 265468.7023689672]
ess_tail = [133117.21675023471, 130730.28343166402, 132517.54083963772, 131547.00110795727]
rhat = [1.0000850354755957, 1.000046836705145, 1.0000456379485236, 1.0001026411446488]
ess_per_sec = [376.7328221202666, 388.07867753910864, 395.8456367758981, 384.88674205193786]
median = [76.05554667892861, 9.731060806437045, -0.03508318698842651, -0.06968457474323175]
error_lower = [0.2545732641219871, 0.1788089540409903, 0.0163877153871292, 0.02516393220831173]
error_upper = [0.2544057542757372, 0.18414050881209754, 0.01633873670379127, 0.025098617406671186]
error_lower_2 = [0.5018687157831181, 0.34670553309154606, 0.03206009040571496, 0.049706991688797844]
error_upper_2 = [0.5023591338509448, 0.3671145367893427, 0.032069925550760436, 0.04958136555608254]

[rell]
parameters = ["μ", "σ", "dlσ_dlR"]
mean = [76.01798977669874, 9.717484656670385, 0.07956671428081226]
std = [0.254853585615494, 0.18276700634499912, 0.023250335133659206]
mcse = [0.0005131234230076171, 0.0003720934556345124, 4.6835555501177245e-5]
ess_bulk = [246596.37743342252, 241948.88223707996, 246425.94010924117]
ess_tail = [129141.0072617569, 124546.58645290563, 128258.48381339901]
rhat = [1.0000787197085836, 1.0001929307765407, 1.000042534167711]
ess_per_sec = [315.8475269562053, 309.89488531733144, 315.62922607156133]
median = [76.01751384112836, 9.714874294189535, 0.07962983513270082]
error_lower = [0.2535262120881896, 0.17914993092968956, 0.02324718402915469]
error_upper = [0.25417630589396367, 0.1843731166650766, 0.02308140593366151]
error_lower_2 = [0.49617320162452927, 0.3469564134282326, 0.04565775106920337]
error_upper_2 = [0.5005664442694524, 0.3687592587660333, 0.04523757340294557]
