bf_gradient = -2.0486159564987276
bf_rell = -3.2492545319173303
R_grad_median = 4.295172372350514
R_grad_el = 1.2534655076587096
R_grad_ep = 1.304900684996836
theta_grad_median = -146.86630220624815
theta_grad_el = 13.154046124472785
theta_grad_ep = 16.724522743402332

[vz]
parameters = ["μ", "σ"]
mean = [76.08088938222227, 9.637995477326424]
std = [0.22138597942695074, 0.1602005316345042]
mcse = [0.00054722517539241, 0.0003955312343313409]
ess_bulk = [163692.19722526905, 164425.15134095712]
ess_tail = [122201.0962536357, 116816.95514064917]
rhat = [1.0001227748123567, 1.0000521008458547]
ess_per_sec = [376.77421983135054, 378.4612777350972]
median = [76.08111960679688, 9.635472993310167]
error_lower = [0.21984762873701413, 0.15687740099287772]
error_upper = [0.21905196487689693, 0.16176895816695058]
error_lower_2 = [0.4335539420436021, 0.3048898376847031]
error_upper_2 = [0.4356851495295615, 0.32340984107322335]

[gradient]
parameters = ["μ", "σ", "A", "B"]
mean = [76.09369482733054, 9.614721928779767, -0.037810609383102295, -0.058447135817389334]
std = [0.2206789576426501, 0.15989474930866265, 0.015227252567359338, 0.023837483711822507]
mcse = [0.00043201841382327886, 0.0003123734685791436, 2.9291253274671856e-5, 4.612328365966988e-5]
ess_bulk = [260946.6554101719, 262626.76009081816, 270309.0262123774, 267139.50265865354]
ess_tail = [131410.99080578034, 133360.70476163353, 133004.770993723, 132627.7246044897]
rhat = [1.0000378878636567, 1.0001139907626622, 1.0000341509266233, 1.00011776150388]
ess_per_sec = [294.9196269127604, 296.81846652352965, 305.5008964816891, 301.91872869154764]
median = [76.09356837368055, 9.612788546883177, -0.03781841775666893, -0.058474606549437626]
error_lower = [0.2182809378981574, 0.1570926704154978, 0.015115166322474137, 0.023713425024809352]
error_upper = [0.21853927291068942, 0.160143395804484, 0.015181639096946323, 0.023697407539677307]
error_lower_2 = [0.4342349310780662, 0.3058729739087287, 0.029792741358668398, 0.046472542318293376]
error_upper_2 = [0.43258751436825094, 0.3220504786716738, 0.029795003950520683, 0.04670955115646103]

[rell]
parameters = ["μ", "σ", "dlσ_dlR"]
mean = [76.05308445933683, 9.6653777034165, 0.06999508230584714]
std = [0.2195835424794149, 0.16134351418449489, 0.02017441994395069]
mcse = [0.0004430283007646065, 0.0003318055241402098, 4.136669341316968e-5]
ess_bulk = [245652.2576327388, 237297.8125627187, 237809.25356160026]
ess_tail = [128004.1546857824, 125144.1817471451, 126360.30374028758]
rhat = [1.0001191399935496, 1.0000448555848933, 1.0001124608382972]
ess_per_sec = [235.9475009703282, 227.92310723887644, 228.41434321098905]
median = [76.05187271633454, 9.662858406066903, 0.07005862273785057]
error_lower = [0.21693930073529089, 0.1575949911682457, 0.020152332025030126]
error_upper = [0.22038897833066073, 0.1633437296728566, 0.019945135518630197]
error_lower_2 = [0.4313427038323141, 0.30709914683110995, 0.039721538667726056]
error_upper_2 = [0.43108754218610557, 0.3255426014026579, 0.03941032221290429]
