bf_gradient = 0.06734056568669408
bf_rell = 0.9316498875138045
R_grad_median = 5.5291881216332985
R_grad_el = 2.3972083973563945
R_grad_ep = 2.659279199885674
theta_grad_median = -120.27213111863333
theta_grad_el = 33.047797118971474
theta_grad_ep = 45.18838002957064

[vz]
parameters = ["μ", "σ"]
mean = [75.9709008769667, 8.576454600199797]
std = [0.6735945762531756, 0.48249541820516817]
mcse = [0.0017156124562870308, 0.0012421729612646592]
ess_bulk = [154188.67808145538, 153592.1922346221]
ess_tail = [117955.08068991592, 113017.76818613269]
rhat = [1.0000971572519035, 1.0000656370573202]
ess_per_sec = [1396.611275895866, 1391.208422262478]
median = [75.97127712796042, 8.554022311898741]
error_lower = [0.6680474471432376, 0.4536534303740467]
error_upper = [0.6670857487068673, 0.4998264520714102]
error_lower_2 = [1.3238894525975269, 0.8581542133096374]
error_upper_2 = [1.3243724387321976, 1.0339919729817613]

[gradient]
parameters = ["μ", "σ", "A", "B"]
mean = [76.03720382781769, 8.521870884651037, -0.06220062957104943, -0.04378721358891335]
std = [0.6704427961006333, 0.481859759992123, 0.040144387847827395, 0.057456706235485246]
mcse = [0.0013714919375272144, 0.0009868423293785168, 8.245531446755278e-5, 0.00011910980535565291]
ess_bulk = [238984.83110001066, 243148.13451151244, 238873.716092849, 232857.5821939188]
ess_tail = [134235.89714084275, 130803.6574539597, 128397.74314893081, 130980.85847591344]
rhat = [1.0000432643774129, 1.0000722116656802, 1.0001379144988283, 1.0000610306015005]
ess_per_sec = [1140.9732360341773, 1160.8498857116851, 1140.4427452548687, 1111.7202203503286]
median = [76.03732653550037, 8.500849885071483, -0.06233594057342921, -0.04374217680064802]
error_lower = [0.6671553942362181, 0.4574626910955164, 0.03971793441379079, 0.057130244719006455]
error_upper = [0.664598743388126, 0.49543717563097367, 0.04006776242354802, 0.05663302890652194]
error_lower_2 = [1.3114344416513006, 0.8567915533127604, 0.07820604646659206, 0.1125127209981702]
error_upper_2 = [1.3131842673595457, 1.0311320935372343, 0.07887002196048673, 0.11291676026057154]

[rell]
parameters = ["μ", "σ", "dlσ_dlR"]
mean = [75.93573530241872, 8.499834245187106, 0.06867770580758227]
std = [0.6686739580213555, 0.4850410151733303, 0.06197220213746227]
mcse = [0.0014226141427412706, 0.001060336096464388, 0.00013550347796060028]
ess_bulk = [221051.41834071904, 213286.05405686406, 209613.7159741362]
ess_tail = [125315.86820555053, 122589.61128973303, 126297.79834524637]
rhat = [1.0000830032887518, 1.0000434107047516, 1.000135635735159]
ess_per_sec = [933.6361032112949, 900.8381935465867, 885.3276510539448]
median = [75.9356617431396, 8.476788719592857, 0.06948465336562312]
error_lower = [0.6625749105603234, 0.45876825105356467, 0.06251049696935125]
error_upper = [0.6662253852325364, 0.5011992424944491, 0.06072490199384484]
error_lower_2 = [1.3068045535876678, 0.8577897064496316, 0.12396478544924366]
error_upper_2 = [1.3168986472488342, 1.039013150378084, 0.11845271755228098]
