bf_gradient = -1.7158049385569731
bf_rell = -0.9135837290295783

[vz]
parameters = ["μ", "σ"]
mean = [75.99032009276229, 9.707866595866273]
std = [0.22740151597047745, 0.16423396791859668]
mcse = [0.0005599106919554149, 0.0004046259994587797]
ess_bulk = [164935.47749884517, 165074.53459015043]
ess_tail = [121230.11703161232, 119938.63359473305]
rhat = [1.0001623452421284, 1.0000730972168261]
ess_per_sec = [356.18905164568685, 356.4893546140217]
median = [75.99014442379803, 9.70560918997727]
error_lower = [0.22549882013692013, 0.16109156507653744]
error_upper = [0.22630993340092687, 0.16537623419013414]
error_lower_2 = [0.44535141214376495, 0.3129114488662328]
error_upper_2 = [0.4459511473913551, 0.3307824113679132]

[gradient]
parameters = ["μ", "σ", "A", "B"]
mean = [76.00223133561482, 9.684756317947937, -0.03573943815741642, -0.05980520781268026]
std = [0.22625638951636726, 0.1649855792637823, 0.015670001472957395, 0.024185173580979265]
mcse = [0.0004375704677929954, 0.0003193759034050025, 2.9538093830297614e-5, 4.614724455915018e-5]
ess_bulk = [267399.4203606863, 267301.67192211543, 281485.1724935845, 274567.88484106876]
ess_tail = [132033.8604103899, 132369.14116582146, 131836.2252101324, 131840.33416932775]
rhat = [1.0000727701398382, 1.0000610994440227, 1.000117024468768, 1.0000940361201784]
ess_per_sec = [342.1762151961456, 342.05113193790066, 360.20097136998044, 351.349301814496]
median = [76.00245093379411, 9.682555652688558, -0.03575225321401934, -0.05980367461954782]
error_lower = [0.22591476575739478, 0.16207066979505313, 0.015572075278476302, 0.024094124034604814]
error_upper = [0.22485196590932333, 0.16644749144713522, 0.01554136869483343, 0.024107828444884107]
error_lower_2 = [0.44228199828600623, 0.3155528910431684, 0.03062886492231405, 0.047403087266702976]
error_upper_2 = [0.44387364715633737, 0.33216946194080066, 0.03077781896616089, 0.04743774856045162]

[rell]
parameters = ["μ", "σ", "dlσ_dlR"]
mean = [75.97309567048615, 9.728275040064993, 0.05600623163553409]
std = [0.22568675263710633, 0.1662509846311816, 0.020837489848150433]
mcse = [0.0004525156915762958, 0.000343105855547465, 4.2938999602213436e-5]
ess_bulk = [248697.228068804, 235304.84071033186, 235528.05834469086]
ess_tail = [126818.9197458558, 130787.27464346836, 126583.74441139355]
rhat = [1.0001152869391337, 1.0000462011703746, 1.0002096974908141]
ess_per_sec = [206.29255552525473, 195.18366688095108, 195.36882429741203]
median = [75.97323579218721, 9.725603721880278, 0.056094071774179126]
error_lower = [0.22528680703757686, 0.16252785936650938, 0.020859742418743714]
error_upper = [0.22444538737812536, 0.1683009843410037, 0.020581819112573514]
error_lower_2 = [0.44222203771418833, 0.3163821512213598, 0.04111130373767554]
error_upper_2 = [0.44168135524270724, 0.3354611365715261, 0.040654394153052185]
