bf_gradient = 0.21039456023689995
bf_rell = 1.1064357127423141
R_grad_median = 5.413721376601817
R_grad_el = -2.430846885756754
R_grad_ep = 2.7434882786373382
theta_grad_median = -127.3853975880285
theta_grad_el = 35.728207795617806
theta_grad_ep = 48.802070835864555

[summary]
parameters = ["μ", "σ", "dlσ_dlR", "A", "B"]
mean = [75.98722653158877, 8.461995192553932, 0.05835370878804372, -0.058676314333294066, -0.04234054982694597]
std = [0.6716354640746717, 0.4848531308287935, 0.06275575779930391, 0.04193706277474889, 0.059116196099777994]
mcse = [0.0014623266662865553, 0.0010856089541922578, 0.0001384910772415645, 9.038149923231062e-5, 0.0001282413694315808]
ess_bulk = [211029.06460365606, 202655.1299005908, 206120.77940573054, 215434.8309801525, 212555.4934518744]
ess_tail = [135777.81545743457, 128086.37298197835, 133195.9482449532, 134820.81578318065, 131461.31370693896]
rhat = [1.0000834536974235, 1.0000314514989261, 1.0000690884623826, 0.9999983311245885, 1.0000189990508455]
ess_per_sec = [4557.961610480919, 4377.095183494045, 4451.948841351445, 4653.12060692785, 4590.930548216472]
median = [75.98578088426015, 8.440591209807952, 0.059062696249346375, -0.058910487293752964, -0.0423755763118064]
error_lower = [0.6633525686711437, 0.45778311167306285, 0.06307005302832983, 0.04134109577110939, 0.058888350518600904]
error_upper = [0.666938677921209, 0.49886553404512135, 0.06169275282469472, 0.041952033121755175, 0.05881772600755962]
error_lower_2 = [1.3161209925706743, 0.8667927250055723, 0.12607360045097735, 0.08137362438724142, 0.11553198022723908]
error_upper_2 = [1.3223191778486125, 1.034657467557814, 0.1198340437291408, 0.0828203531506099, 0.11589682351915495]
