bf_gradient = -1.8895179689548836
bf_rell = 0.3192734106599124
R_grad_median = 5.21254507598138
R_grad_el = 1.6330151394105137
R_grad_ep = 1.7619455470394056
theta_grad_median = -134.13639309804466
theta_grad_el = 16.54704776401627
theta_grad_ep = 22.276386285750917

[vz]
parameters = ["μ", "σ"]
mean = [75.88625015338123, 9.518015114351881]
std = [0.2724356874928867, 0.20095566923471772]
mcse = [0.0006805495428175678, 0.0005044232460070861]
ess_bulk = [160256.7303753464, 159156.7261090846]
ess_tail = [120409.45836261757, 117603.18962402684]
rhat = [1.0000496527947307, 1.0001216617277036]
ess_per_sec = [371.2860911422074, 368.73757861918557]
median = [75.88515054917124, 9.5148756886503]
error_lower = [0.268948984449608, 0.19608924789856985]
error_upper = [0.2717089260009402, 0.20230565347770835]
error_lower_2 = [0.53214982089996, 0.3810839039827236]
error_upper_2 = [0.5369188152526476, 0.4075484064840129]

[gradient]
parameters = ["μ", "σ", "A", "B"]
mean = [75.90652836659358, 9.485693985022943, -0.05948738679712966, -0.05794110409962273]
std = [0.2729673167275592, 0.20152638192245037, 0.021825903235825533, 0.03403175082645447]
mcse = [0.0005456973345304955, 0.00039026531322255986, 4.2424679867103233e-5, 6.690748221915373e-5]
ess_bulk = [250407.8698224141, 267467.1802193483, 264638.31030677503, 258807.33738676837]
ess_tail = [129930.98226657166, 132498.24794426252, 133665.53101343976, 133647.8119795952]
rhat = [1.0001465636008977, 1.0000996478629967, 1.0000386703586959, 1.00011898531281]
ess_per_sec = [327.0116589866798, 349.2896864225844, 345.5954197694471, 337.9806585823085]
median = [75.90556927771675, 9.483048146490201, -0.059495327428900166, -0.05788969465821085]
error_lower = [0.2687379601149189, 0.19853424747297765, 0.021746520693798954, 0.03395384181596782]
error_upper = [0.27164194069554526, 0.20311138755304547, 0.021737895946669333, 0.033821313445249496]
error_lower_2 = [0.5346292772110957, 0.38214391153461236, 0.04289872160695776, 0.066394812911386]
error_upper_2 = [0.5361478438851464, 0.4057711490520859, 0.042790385605606565, 0.06648918577046574]

[rell]
parameters = ["μ", "σ", "dlσ_dlR"]
mean = [75.86993043442236, 9.590706985312549, 0.05526063571998436]
std = [0.2726239589381745, 0.20744579852752965, 0.02681887469087427]
mcse = [0.0005619122111877032, 0.000448543529044625, 5.6685521522194954e-5]
ess_bulk = [235300.17125420374, 214508.23458581412, 223790.32661852016]
ess_tail = [125560.74481569612, 125368.24038384999, 132551.88126661236]
rhat = [1.0000562624062526, 1.0000558804591446, 1.0000650933426078]
ess_per_sec = [258.23477645555056, 235.41625877653448, 245.60307227662398]
median = [75.86949637005101, 9.587465003020483, 0.05527168558550438]
error_lower = [0.27189539905387505, 0.2032334864721772, 0.026695396060696125]
error_upper = [0.27263468117187983, 0.20867868192810946, 0.026653179847438105]
error_lower_2 = [0.5337587490102464, 0.39471265561094704, 0.0527126159356401]
error_upper_2 = [0.5335284425426607, 0.41732069855407694, 0.05253207030847759]
