bf_gradient = -2.3023354106614615
bf_rell = 1.6322615097812696
"Θ_grad_median" = -134.06317833112527
"Θ_grad_err" = [-16.49372996884398, 22.1958963770266]
Nmemb = 1330
Nqual = 1417

[vz]
parameters = ["μ", "σ"]
mean = [75.8676007858444, 9.574119710288809]
std = [0.2752791070556458, 0.20428150650580806]
mcse = [0.0006800813980570209, 0.0005019340849961086]
ess_bulk = [163787.0121831271, 166186.13253859925]
ess_tail = [121041.60329816381, 116680.90796615613]
rhat = [1.0001805307837284, 1.000037467595451]
ess_per_sec = [396.4261027428354, 402.23287533031896]
median = [75.86715726533834, 9.570873315878966]
error_lower = [0.2725212586205146, 0.19917111855037462]
error_upper = [0.2745456361420082, 0.20574718029217998]
error_lower_2 = [0.5398027125308289, 0.3874679102313028]
error_upper_2 = [0.540738168383271, 0.4135828792011367]

[gradient]
parameters = ["μ", "σ", "A", "B"]
mean = [75.88970481293295, 9.540252994279085, -0.06032799984673209, -0.058742923212414325]
std = [0.2743150858165959, 0.20249605539612472, 0.021925803954262562, 0.034011024414479896]
mcse = [0.0005413031633122117, 0.00039124457611603764, 4.36170859299006e-5, 6.855688665424627e-5]
ess_bulk = [256808.05736837973, 268480.0983567275, 252693.27663669016, 246028.95494502332]
ess_tail = [135739.44451556355, 132570.83464095983, 136497.4257627357, 133949.17288804468]
rhat = [1.000057213684729, 1.00014639491507, 1.0000399677159613, 1.000217107767315]
ess_per_sec = [415.81211543990787, 434.71096193483794, 409.14964659781504, 398.35907511426916]
median = [75.8903509810323, 9.5372756744173, -0.06035598875923348, -0.05869125101926363]
error_lower = [0.2736652552467831, 0.19801020726884566, 0.02177371504830085, 0.033859874380348695]
error_upper = [0.2725945390813962, 0.2039822845492072, 0.021937991434040932, 0.03381664411481039]
error_lower_2 = [0.5374598981498764, 0.3842109468900681, 0.042835547245226854, 0.06701876600833413]
error_upper_2 = [0.5342770257140614, 0.4089403241848206, 0.042786445991495614, 0.06657328383841034]

[rell]
parameters = ["μ", "σ", "dlσ_dlR"]
mean = [75.8571494388222, 9.615961490715835, 0.03396350577752369]
std = [0.2739906635733248, 0.20852208405335038, 0.027218710470113726]
mcse = [0.0005625485057625449, 0.0004363355072319495, 5.706754823190972e-5]
ess_bulk = [237155.6001696846, 228658.91116212157, 227501.90482483344]
ess_tail = [127669.12263313605, 131031.15834939206, 132971.8623143802]
rhat = [1.000021369833799, 1.0000527987328858, 1.0000667818245708]
ess_per_sec = [289.53828819298263, 279.1648591497818, 277.75229442819335]
median = [75.8562605779607, 9.612628971819028, 0.033980789304903745]
error_lower = [0.2718213471741251, 0.2046013306381429, 0.02700473749569108]
error_upper = [0.274827126573868, 0.21115707027723474, 0.026999488360628467]
error_lower_2 = [0.5329818785925795, 0.39514673489037655, 0.05336590837214866]
error_upper_2 = [0.5387650408529652, 0.42040293594738465, 0.053338462546514705]
