break_radius_arcmin = 118.04098627568523
break_radius_kpc = 2.8426483731424814
