"N per bin" = 40
"min binwidth" = 0.05
bins = [0.0, 0.1511213281567802, 0.2071044426863677, 0.254053945519681, 0.29351951728050424, 0.33155997784368874, 0.37201641384856887, 0.4174092816413308, 0.46834091699849884, 0.5254871517770199, 0.589606281792393, 0.6615491289434287, 0.7422703311019161, 0.8328410095771785, 0.9344629822450726, 1.0484847109410196, 1.1764191947292837, 1.3199640464813114, 1.481024019167126, 1.6617362807699803, 1.8644987732070268, 2.092002031561655, 2.3472648858493756, 2.633674519057991, 2.955031413007914, 3.3155997784368862, 3.7201641384856883, 4.1740928164133075, 4.683409169984989, 5.2548715177702, 5.896062817923933, 6.61549128943429, 7.422703311019166, 8.328410095771792, 9.344629822450734, 10.484847109410206, 11.764191947292849, 13.199640464813129, 14.810240191671278, +inf]
pos_err = 0.2142890639165262
position_angle = 87.0
position_angle_err = 1.0
ellipticity = 0.30000001192092896
ellipticity_err = 0.009999999776482582
