n_sersic = 1.1237086831370378
n_sersic_em = 0.1777242211588146
n_sersic_ep = 0.22131452409761287
log_M_s_sersic = 0.37789608125145535
log_M_s_sersic_em = 0.0699287330006283
log_M_s_sersic_ep = 0.07122433551416929
log_R_h_sersic = 0.8697592911156489
log_R_h_sersic_em = 0.033714622204053524
log_R_h_sersic_ep = 0.03162329558236365
log_Sigma_bg_sersic = -4.967574872897438
log_Sigma_bg_sersic_em = 3.696167472770365
log_Sigma_bg_sersic_ep = 2.554219187660797
"log_σ_sersic" = -1.9405717306115353
"log_σ_sersic_em" = 0.6833116025472303
"log_σ_sersic_ep" = 0.4757906469883497
chi2_sersic = 0.1823016955307975
lp_sersic = 9.796605562603364
num_params_sersic = 4
log_M_exp2d = 3.212505857014638
log_M_exp2d_em = 0.03298651077582804
log_M_exp2d_ep = 0.032630472899243035
log_R_s_exp2d = 0.6624694292695297
log_R_s_exp2d_em = 0.02324583105515654
log_R_s_exp2d_ep = 0.02519226013985476
"log_σ_exp2d" = -1.9133326072124461
"log_σ_exp2d_em" = 0.6541166198274819
"log_σ_exp2d_ep" = 0.4610789237504156
chi2_exp2d = 0.187153240673109
lp_exp2d = 13.842735619356066
num_params_exp2d = 2
log_M_exp2d_inner = 3.2147650695928163
log_M_exp2d_inner_em = 0.04285600771009834
log_M_exp2d_inner_ep = 0.04625831790467583
log_R_s_exp2d_inner = 0.6446518857669368
log_R_s_exp2d_inner_em = 0.04953026668243499
log_R_s_exp2d_inner_ep = 0.0549751196083218
"log_σ_exp2d_inner" = -1.8843889311328146
"log_σ_exp2d_inner_em" = 0.684036067506298
"log_σ_exp2d_inner_ep" = 0.4696758502808249
chi2_exp2d_inner = 0.09094212767602806
lp_exp2d_inner = 10.855473121413446
num_params_exp2d_inner = 2
log_M_plummer = 3.2339514970135452
log_M_plummer_em = 0.03292051016592845
log_M_plummer_ep = 0.03306472895571133
log_R_s_plummer = 0.8851274736464145
log_R_s_plummer_em = 0.030808108060157546
log_R_s_plummer_ep = 0.031670097560811294
"log_σ_plummer" = -1.942551020454784
"log_σ_plummer_em" = 0.6685305181021719
"log_σ_plummer_ep" = 0.4640161768268951
chi2_plummer = 0.07608495538576966
lp_plummer = 15.04694237003536
num_params_plummer = 2
log_M_king = 3.217058492885152
log_M_king_em = 0.03348885740488816
log_M_king_ep = 0.03257055917437768
log_R_s_king = 0.6456359754189895
log_R_s_king_em = 0.05723244334967548
log_R_s_king_ep = 0.05672795107668227
c_king = 9.937095247857751
c_king_em = 1.6487396598225121
c_king_ep = 2.102073244934715
"log_σ_king" = -1.920105756812195
"log_σ_king_em" = 0.6607020298231809
"log_σ_king_ep" = 0.46844512950864736
chi2_king = 0.1847168909951172
lp_king = 14.152782513271017
num_params_king = 3
