r_J = 159.89390366447344
r_J_kpc = 2.9538177629744498
peri = 29.953851831487206
r_break = 25
r_break_kpc = 0.509781585686677
peri_required = 7.872386178924964
rho_mean_host_peri = 0.0002982871348341879
rho_mean_host_required = 0.004711830929259035
