lastmodel = "orbit_smallperi.3"
dJ_R = 0.0
dJ_z = -0.14
dJ_phi = 0.0
dtheta_R = -0.1
dtheta_z = 0.0
dtheta_phi = 0.0
J_R = 7.148602263289716
J_z = 38.38689695044144
J_phi = -9.22819306697619
theta_R = 3.0690556119893944
theta_z = 2.8765745744398505
theta_phi = 2.009646727716295
x_i = -17.06586265563965
y_i = 76.1197738647461
z_i = 18.402000427246094
v_x_i = 16.890455475449563
v_y_i = 36.81206180453301
v_z_i = -117.1411938548088
ra = 227.24200143381887
ra_err = 0
dec = 67.22210065639148
dec_err = 0
pmra = -0.15799998096803758
pmra_err = 0.017
pmdec = 0.050000021950772085
pmdec_err = 0.017
distance = 64.60000075808816
distance_err = 3.6
radial_velocity = -245.75000505449756
radial_velocity_err = 1.0
