pericentre = 29.953851831487206
apocentre = [77.32258819285653, 76.23360053211115, 75.5679019541246, 75.41909100657405, 75.23924032800895, 75.0899816633933, 74.99454186067335, 75.15158132855754]
period = 1.175392009626116
idx_f = 206
idx_peri = 189
t_last_peri = 0.8016651123046881
t_f_gyr = 0.045576833573486325
ra_f = 223.57415449265753
dec_f = 65.73229621341953
distance_f = 63.50759624620269
pmra_f = -0.1689050355531609
pmdec_f = 0.030644701603653013
radial_velocity_f = 0.030644701603653013
theta0 = 54.743240180507094
idx_peris = [14, 40, 65, 90, 115, 139, 164, 189]
idx_apos = [27, 53, 78, 102, 127, 152, 176, 201]
t_peris = [129.912109375, 389.9951171875, 639.9853515625, 889.9755859375, 1139.9658203125, 1380.1220703125, 1630.1123046875, 1880.1025390625]
t_apos = [260.0830078125, 519.9072265625, 769.8974609375, 1010.0537109375, 1260.0439453125, 1510.0341796875, 1749.931640625, 1999.921875]
