ra = 260.0684
ra_err = 0.0
ra_ref = "Munoz2018ApJ...860...66M"
dec = 57.9185
dec_err = 0.0
dec_ref = "Munoz2018ApJ...860...66M"
distance = 81.54550000611157
distance_err = 1.5160440346806183
distance_ref = "Bhardwaj2024AJ....167..247B"
pmra = 0.044
pmra_err = 0.006
pmra_ref = "Pace2022ApJ...940..136P"
pmdec = -0.188
pmdec_err = 0.006
pmdec_ref = "Pace2022ApJ...940..136P"
radial_velocity = -290.7
radial_velocity_err = 0.75
radial_velocity_ref = "Walker2015MNRAS.448.2717W"
sigma_v = 9.1
sigma_v_err = 1.2
sigma_v_ref = "Walker2015MNRAS.448.2717W"
PA = 87.0
PA_err = 1.0
PA_ref = "Munoz2018ApJ...860...66M"
ellipticity = 0.29
ellipticity_err = 0.01
ellipticity_ref = "Munoz2018ApJ...860...66M"
Mv = -8.866999999999999
Mv_err = 0.05
pmra_gsr = 0.3886031113990154
pmdec_gsr = -0.16005740831125817
radial_velocity_gsr = -84.09794704586466
theta_pm_gsr = -39.64
