r_h = 8.375767554858555
r_h_err = 0.16823664027098512
chi2_sersic = 2.5818350679749993
M_sersic = 1756.0070292143205
M_sersic_err = 72.53406108987731
n_sersic = 1.1929791362900757
n_sersic_err = 0.04313429611518797
r_s_exp = 5.291218938363289
r_s_exp_err = 0.07638524905126098
chi2_exp = 3.708650609050334
M_exp = 1920.0592905146707
M_exp_err = 69.98380943478233
r_s_king = 4.538258496873952
r_s_king_err = 0.20781586755997425
c_king = 11.452392909760466
c_king_err = 0.6593301348634134
chi2_king = 0.6593301348634134
M_king = 1899.6116260893739
M_king_err = 177.71369286059178
