theta0 = 64.51203631643136
idx_peris = [15, 41, 66, 91, 116, 141, 166, 191]
t_last_peri = 0.8016651123046863
apocentre = [77.74617421524971, 76.71416476595266, 76.14906580808588, 75.91780046209585, 75.71459497464024, 75.6289186499746, 75.57313600555605, 75.76056964344558]
period = 1.1821902134486606
pericentre = 30.45048189105535
idx_peri = 191
idx_f = 208
idx_apos = [28, 53, 79, 104, 128, 153, 178, 203]
t_peris = [140.0048828125, 400.087890625, 650.078125, 900.068359375, 1150.05859375, 1400.048828125, 1650.0390625, 1900.029296875]
dec0 = 68.05364298345127
distance_f = 63.96953229501004
ra0 = 233.82547677533705
t_apos = [269.9169921875, 519.9072265625, 779.990234375, 1029.98046875, 1269.8779296875, 1520.126953125, 1770.1171875, 2020.107421875]
