r_J = 174.89143449948676
r_J_kpc = 3.615902081845342
peri = 37.15933282702319
r_break = 25
r_break_kpc = 0.509781585686677
peri_required = 8.766256260563765
rho_mean_host_peri = 0.0001882794443355412
rho_mean_host_required = 0.003795930795360009
