pericentre = 37.15933282702319
apocentre = 82.34937394257365
pericentres = [39.65275686443586, 38.103249070764285, 37.544517115713035, 37.364133645719164, 37.49188578871749, 37.27981628883606, 37.15933282702319]
apocentres = [84.90393778517819, 83.77171881788796, 83.15552665447845, 82.92643254029933, 82.69213303500874, 82.34848844744518, 82.34937394257365]
period = 1.3634611226399744
idx_f = 216
idx_peri = 191
t_last_peri = 0.9243705123901353
t_f_gyr = 9.88300864715576
ra_f = 227.95810350139436
dec_f = 67.30694500437919
distance_f = 71.0758405116452
pmra_f = -0.12243687599267744
pmdec_f = 0.07606575241861255
radial_velocity_f = 0.07606575241861255
theta0 = 56.71051340573158
idx_peris = [17, 47, 76, 105, 134, 162, 191]
idx_apos = [32, 61, 90, 119, 148, 177, 205]
t_peris = [159.931640625, 460.126953125, 749.970703125, 1040.0732421875, 1329.9169921875, 1609.9267578125, 1900.029296875]
t_apos = [310.029296875, 599.873046875, 889.9755859375, 1180.078125, 1469.921875, 1760.0244140625, 2040.0341796875]
chi2_best = 2.3251514893631753
chi2_best_interp = 2.3251514893631753
