distance = 92.79634697541587
dec = -33.718438550967456
pmdec_err = 0.002
distance_err = 2.0
pmra = 0.09250177740996718
radial_velocity = 111.66211860879311
ra = 15.019226583647987
pmdec = -0.1436793545665355
radial_velocity_err = 0.2
pmra_err = 0.002
