distance = 72.50402582285089
dec = -33.71815162622352
pmdec_err = 0.002
distance_err = 2.0
pmra = 0.10060088537726192
radial_velocity = 111.23755810778074
ra = 15.017393276130017
pmdec = -0.15907079044100847
radial_velocity_err = 0.2
pmra_err = 0.002
