distance = 93.5626005905933
dec = -33.71803187542684
pmdec_err = 0.017
distance_err = 2.0
pmra = 0.09331071340773751
radial_velocity = 111.27198593445459
ra = 15.018721059371412
pmdec = -0.08476246168986874
radial_velocity_err = 0.2
pmra_err = 0.017
