distance = 83.19999905152916
dec = -33.718599828039956
pmdec_err = 0.017
distance_err = 2.0
pmra = 0.09899999683688475
radial_velocity = 111.40000218521624
ra = 15.018299835652098
pmdec = -0.15999999666557835
radial_velocity_err = 0.2
pmra_err = 0.017
