distance = 67.61953198912133
dec = -33.71763638749603
pmdec_err = 0.017
distance_err = 2.0
pmra = 0.1232287801006715
radial_velocity = 111.3977974345584
ra = 15.020494758098845
pmdec = -0.18697820853220556
radial_velocity_err = 0.2
pmra_err = 0.017
