theta0 = -39.6556492181936
idx_peris = [21, 59, 96, 134, 171, 208]
t_last_peri = 0.47099350585937394
apocentre = [99.67795447030498, 98.8549121432928, 98.48492683755501, 98.21289573396392]
period = 1.7654799750434025
pericentre = 51.45313888243435
idx_peri = 171
idx_f = 181
idx_apos = [40, 78, 115, 152, 190]
t_peris = [200.0439453125, 579.9462890625, 950.0146484375, 1329.9169921875, 1699.9853515625, 2070.0537109375]
dec0 = -33.769288707141115
distance_f = 82.69206830907346
ra0 = 14.98948849806864
t_apos = [389.9951171875, 769.8974609375, 1139.9658203125, 1510.0341796875, 1889.9365234375]
