[mean]
ra_median = 15.018295935777473
ra_sem = 3.80112686166787e-6
dec_median = -33.718597642924905
dec_sem = 2.219509337604972e-6
distance_median = 83.17916583836674
distance_sem = 0.006047372519401889
pmra_median = 0.09900146392045495
pmra_sem = 5.3628701685975494e-5
pmdec_median = -0.1600788552864746
pmdec_sem = 5.362160178740812e-5
radial_velocity_median = 111.19788589455541
radial_velocity_sem = 0.0009497224544400027
ra_relative_residual = -0.0033868521054358784
dec_relative_residual = 0.003367250138402207
distance_relative_residual = -0.010417080816630175
pmra_relative_residual = 8.611296793774069e-5
pmdec_relative_residual = -0.004638546263210755
radial_velocity_relative_residual = -0.007047018148635213
pericentre = 21.68378123536991
quantile = 0.5
n_samples = 100000

[smallperi]
ra_median = 15.018298044690978
ra_sem = 6.704871872925282e-6
dec_median = -33.71859938379333
dec_sem = 3.946626470089927e-6
distance_median = 83.85975577909701
distance_sem = 0.008397141858304119
pmra_median = 0.11216010921896633
pmra_sem = 5.76929737253752e-5
pmdec_median = -0.15456401105664108
pmdec_sem = 8.569753401704044e-5
radial_velocity_median = 111.20960206007646
radial_velocity_sem = 0.0016868581134884654
ra_relative_residual = -0.0016294241852084688
dec_relative_residual = 0.0008802952424145717
distance_relative_residual = 0.3298778895485057
pmra_relative_residual = 0.7741240717039012
pmdec_relative_residual = 0.3197640554917012
radial_velocity_relative_residual = 0.03200686692153454
pericentre = 15.109987559698382
quantile = 0.16
n_samples = 32000

[largeperi]
ra_median = 15.018287387751904
ra_sem = 6.738245673095043e-6
dec_median = -33.71859633106915
dec_sem = 3.9216687428072245e-6
distance_median = 82.42622819110574
distance_sem = 0.012599466388483188
pmra_median = 0.08212918743494074
pmra_sem = 8.591052716772833e-5
pmdec_median = -0.16558269547401816
pmdec_sem = 0.0001018583023487068
radial_velocity_median = 111.18710884790522
radial_velocity_sem = 0.0016783550827052407
ra_relative_residual = -0.010510206746398392
dec_relative_residual = 0.005241329787963878
distance_relative_residual = -0.38688590444713356
pmra_relative_residual = -0.992400739121133
pmdec_relative_residual = -0.3283938514128327
radial_velocity_relative_residual = -0.04297050698260326
pericentre = 29.000246213801127
quantile = 0.84
n_samples = 32000
