[mean]
ra_median = 15.018295935777473
ra_sem = 3.80112686166787e-6
dec_median = -33.718597642924905
dec_sem = 2.219509337604972e-6
distance_median = 83.17916583836674
distance_sem = 0.006047372519401889
pmra_median = 0.09900146392045495
pmra_sem = 5.3628701685975494e-5
pmdec_median = -0.1600788552864746
pmdec_sem = 5.3621601787408134e-5
radial_velocity_median = 111.19788589455541
radial_velocity_sem = 0.0009497224544400027
ra_relative_residual = -0.0033868521054358784
dec_relative_residual = 0.003367250138402207
distance_relative_residual = -0.010417080816630175
pmra_relative_residual = 8.611296793774069e-5
pmdec_relative_residual = -0.004638546263210755
radial_velocity_relative_residual = -0.007047018148635213
pericentre = 21.68378123536991
quantile = 0.5
n_samples = 100000

[smallperi]
ra_median = 15.018317269233926
ra_sem = 7.659478624749869e-5
dec_median = -33.71853199412432
dec_sem = 4.28997266900918e-5
distance_median = 85.99928787082658
distance_sem = 0.06685575880285881
pmra_median = 0.13983005257925962
pmra_sem = 0.00035279303603740945
pmdec_median = -0.150806685376551
pmdec_sem = 0.0007080592126018268
radial_velocity_median = 111.20693414920225
radial_velocity_sem = 0.01852305949781094
ra_relative_residual = 0.014391028271276697
dec_relative_residual = 0.09715125097540879
distance_relative_residual = 1.3996439354132875
pmra_relative_residual = 2.4017677987799773
pmdec_relative_residual = 0.5407832131440585
radial_velocity_relative_residual = 0.023113830674172203
pericentre = 4.365194533956297
quantile = 0.001349898031630093
n_samples = 270

[largeperi]
ra_median = 15.018497348735368
ra_sem = 7.5878338980443e-5
dec_median = -33.718655901004965
dec_sem = 3.788035009403712e-5
distance_median = 85.31828921191138
distance_sem = 0.11234591593322527
pmra_median = 0.06147544277971127
pmra_sem = 0.0007224163569386451
pmdec_median = -0.12927900365054423
pmdec_sem = 0.0007588126061166615
radial_velocity_median = 111.1410817045102
radial_velocity_sem = 0.016703222651533844
ra_relative_residual = 0.16445727947308106
dec_relative_residual = -0.07985857851825326
distance_relative_residual = 1.0591446059556873
pmra_relative_residual = -2.207326895311102
pmdec_relative_residual = 1.8071174323209276
radial_velocity_relative_residual = -0.19639431829934514
pericentre = 52.158026412548054
quantile = 0.9986501019683699
n_samples = 270
