[mean]
ra_median = 15.018295935777473
ra_sem = 3.80112686166787e-6
dec_median = -33.718597642924905
dec_sem = 2.219509337604972e-6
distance_median = 83.17916583836674
distance_sem = 0.006047372519401889
pmra_median = 0.09900146392045495
pmra_sem = 5.3628701685975494e-5
pmdec_median = -0.1600788552864746
pmdec_sem = 5.3621601787408134e-5
radial_velocity_median = 111.19788589455541
radial_velocity_sem = 0.0009497224544400027
ra_relative_residual = -0.0033868521054358784
dec_relative_residual = 0.003367250138402207
distance_relative_residual = -0.010417080816630175
pmra_relative_residual = 8.611296793774069e-5
pmdec_relative_residual = -0.004638546263210755
radial_velocity_relative_residual = -0.007047018148635213
pericentre_lmc = 28.675003279321736
quantile = 0.5
n_samples = 100000

[smallperi]
ra_median = 15.018393542471355
ra_sem = 7.887976962421126e-5
dec_median = -33.71866673510826
dec_sem = 3.9823949486875904e-5
distance_median = 84.5527061303995
distance_sem = 0.15527329047736796
pmra_median = 0.0993964159372917
pmra_sem = 0.0021265927031579855
pmdec_median = -0.12419576473815826
pmdec_sem = 0.0010973939558215904
radial_velocity_median = 111.20719002196965
radial_velocity_sem = 0.017280131470029915
ra_relative_residual = 0.07795205946218668
dec_relative_residual = -0.09533586893642873
distance_relative_residual = 0.6763530651997485
pmra_relative_residual = 0.023318584546570573
pmdec_relative_residual = 2.1061314859906908
radial_velocity_relative_residual = 0.023966739898829324
pericentre_lmc = 18.272428102915526
quantile = 0.001349898031630093
n_samples = 270

[largeperi]
ra_median = 15.018383245674997
ra_sem = 6.995109614091967e-5
dec_median = -33.71858253678934
dec_sem = 4.188676543278028e-5
distance_median = 88.84525500861244
distance_sem = 0.05072723159233246
pmra_median = 0.08658208619481245
pmra_sem = 0.0009722884113902276
pmdec_median = -0.16418522656246537
pmdec_sem = 0.0007848328238713637
radial_velocity_median = 111.13459895160906
radial_velocity_sem = 0.017998812946658248
ra_relative_residual = 0.06937139583070481
dec_relative_residual = 0.0249474438009299
distance_relative_residual = 2.822627504306219
pmra_relative_residual = -0.7304655179522093
pmdec_relative_residual = -0.24618979779208033
radial_velocity_relative_residual = -0.21800349463646285
pericentre_lmc = 33.5780778335578
quantile = 0.9986501019683699
n_samples = 270
