[mean]
ra_median = 15.01828991988684
ra_sem = 1.1820308903710932e-5
dec_median = -33.718594992259156
dec_sem = 7.017106309565393e-6
distance_median = 83.16730187396163
distance_sem = 0.019064680310816
pmra_median = 0.0988099692040374
pmra_sem = 0.00016906353972185827
pmdec_median = -0.1598418638589118
pmdec_sem = 0.00017001530050284998
radial_velocity_median = 111.1987732205494
radial_velocity_sem = 0.0030409057888381285
ra_relative_residual = -0.008400094300142769
dec_relative_residual = 0.0071539154942813965
distance_relative_residual = -0.016349063019184484
pmra_relative_residual = -0.011178282115447592
pmdec_relative_residual = 0.009302125946364696
radial_velocity_relative_residual = -0.00408926483534818
pericentre = 21.758700814662564
quantile = 0.5
n_samples = 10000

[smallperi]
ra_median = 15.01826534040195
ra_sem = 0.0002511633066553583
dec_median = -33.71850423825299
dec_sem = 0.0001325581226076627
distance_median = 86.40712966691338
distance_sem = 0.20681638541213898
pmra_median = 0.14101301174726422
pmra_sem = 0.0013359212537728067
pmdec_median = -0.15219148229199467
pmdec_sem = 0.0023707643680881255
radial_velocity_median = 111.16514804485513
radial_velocity_sem = 0.055981058433364865
ra_relative_residual = -0.028882998375223682
dec_relative_residual = 0.13680249573155834
distance_relative_residual = 1.6035648334566872
pmra_relative_residual = 2.471353632192012
pmdec_relative_residual = 0.4593245710591374
radial_velocity_relative_residual = -0.11617318381624386
pericentre = 4.128265782573887
quantile = 0.001349898031630093
n_samples = 27

[largeperi]
ra_median = 15.018166290984816
ra_sem = 0.00023703285070794973
dec_median = -33.71832229751286
dec_sem = 0.0001443525452433687
distance_median = 85.75566736622092
distance_sem = 0.360859811179988
pmra_median = 0.05850189970570551
pmra_sem = 0.0023709300920899184
pmdec_median = -0.1353166968652802
pmdec_sem = 0.0025211799472250247
radial_velocity_median = 111.08310774691965
radial_velocity_sem = 0.03706857848550874
ra_relative_residual = -0.11142417932023345
dec_relative_residual = 0.3967178387702981
distance_relative_residual = 1.2778336831104582
pmra_relative_residual = -2.3822411937820287
pmdec_relative_residual = 1.4519590079246945
radial_velocity_relative_residual = -0.3896408436011711
pericentre = 51.84510305299918
quantile = 0.9986501019683699
n_samples = 27
