position_err = 8.01047730612239
ellipticity = 0.0
ellipticity_err = nan
position_angle = 0.0
position_angle_err = nan
bins = [0.9278795838904397, 3.429278162727666, 5.665334312595771, 8.00249741938107, 11.303828055622466, 15.967081526526758, 22.554102134271442, 31.8585160499146, 45.00135003647097, 63.56609648522578, 119.46702798239095]
