t_last_peri = 0.4758742675781251
apocentre = 93.76722169495604
period = 1.6606791748046872
theta0 = -40.24808823304363
pericentre = 49.75464015932826
idx_peri = 1638
ra0 = 16.540851042214538
idx_f = 1739
dec0 = -35.29923054144436
