position_err = 5.292700089590237
ellipticity = 0.0
ellipticity_err = nan
position_angle = 0.0
position_angle_err = nan
bins = [0.5715655182790547, 2.198203318324248, 3.850454087515431, 4.568481217939148, 5.7755199817447505, 6.651296514373477, 7.462877434161366, 8.37348620332274, 9.395206046970998, 10.541594566670858, 11.827863641574012, 13.271081280813268, 14.890398105613825, 16.70730146640171, 18.745900566888977, 21.03324637855907, 23.599690590623222, 26.479288358495662, 29.710250195015277, 33.33544900073565, 37.402988961267354, 41.9668438605946, 47.08757328039621, 52.833126188900586, 59.279742582410826, 66.51296514373489, 74.62877434161379, 83.73486203322754, 93.95206046971015, 105.4159456667088, 119.50883795032384]
