pericentre = 43.85969840613176
apocentre = 114.91013253260122
time_last_peri = -452.808988764045
Lx_f = -50.23858420387644
Ly_f = -12.59113377073746
Lz_f = -8.950008626941477
E_f = -1.3171732846949435
period = -484.30874450415257
dt = -1007.4999999999999
peri_apo_max_err = 0.013920448472440228
x_i = 11.599148750305176
y_i = -54.717323303222656
z_i = 58.055545806884766
v_x_i = -0.09030587647896954
v_y_i = 0.7070140783444205
v_z_i = 0.2692976889982748
pericentre_lmc = 119.04155313735153
apocentre_lmc = 570.7922025193485
time_last_peri_lmc = -726.4631167562287
period_lmc = -426.23106985832936
ra = 227.242
dec = 67.2221
distance = 70.1
pmra = -0.124
pmdec = 0.078
radial_velocity = -245.9
x = -20.851204775602195
y = 48.039613627097964
z = 49.45936986486415
v_x = 13.726131186677202
v_y = 57.39878419401367
v_z = -157.7984201657959
orbit_name = "mean"
idx_i = 1
t_i = -2015.0
ra_err = 0.0045
dec_err = 0.0016
distance_err = 3.6
pmra_err = 0.017
pmdec_err = 0.017
radial_velocity_err = 1
