break_radius_arcmin = 89.44647584524427
break_radius_kpc = 2.000913805318133
