ra = 33.3155
ra_err = 0.0
ra_ref = "Carlin2017AJ....154..267C"
dec = 36.1691
dec_err = 0.0
dec_ref = "Carlin2017AJ....154..267C"
distance = 28.44461107447914
distance_err = 1.478035291602751
distance_ref = "Carlin2017AJ....154..267C"
pmra = 0.575
pmra_err = 0.06
pmra_ref = "Pace2022ApJ...940..136P"
pmdec = 0.112
pmdec_err = 0.069
pmdec_ref = "Pace2022ApJ...940..136P"
radial_velocity = -381.7
radial_velocity_err = 1.1
radial_velocity_ref = "Kirby2017ApJ...838...83K"
sigma_v = nan
sigma_v_err = nan
sigma_v_ref = "Kirby2017ApJ...838...83K"
PA = 73.0
PA_err = 17.0
PA_ref = "Carlin2017AJ....154..267C"
ellipticity = 0.3
ellipticity_err = 0.1
ellipticity_ref = "Carlin2017AJ....154..267C"
Mv = -1.299999999999999
Mv_err = 0.25
pmra_gsr = -0.6451920233350719
pmdec_gsr = 1.0712929780666496
radial_velocity_gsr = -252.30252424986972
theta_pm_gsr = -39.64
