distance = 88.3256470753808
dec = -33.71868350962258
pmdec_err = 0.017
distance_err = 2.0
pmra = 0.06745557829787871
radial_velocity = 111.66103185282178
ra = 15.01594879817177
pmdec = -0.1580075429608903
radial_velocity_err = 0.2
pmra_err = 0.017
