pericentre = 45.74436761059461
apocentre = [290.8495447186448]
period = 5.845333764648437
idx_f = 194
idx_peri = 184
t_last_peri = 0.4263138159179687
t_f_gyr = 0.0002486684093261718
ra_f = 16.691233558044292
dec_f = -35.30671775258908
distance_f = 83.31386954781316
pmra_f = 0.10618806782732128
pmdec_f = -0.1400662496537213
radial_velocity_f = -0.1400662496537213
theta0 = -38.57531848738104
idx_peris = [60, 184]
idx_apos = [105]
t_peris = [-1318.96240234375, -79.23095703125]
t_apos = [-869.210205078125]
