pericentre = 20.85530323776564
apocentre = 147.8849037648331
time_last_peri = -573.8861748900831
Lx_f = -55.88345097716365
Ly_f = -13.452110216507526
Lz_f = -10.033645878492795
E_f = -1.2588751594108367
period = -570.4408891060087
dt = -1007.4999999999999
peri_apo_max_err = 0.07291213930535534
x_i = 2.4458014965057373
y_i = 38.43238830566406
z_i = -78.68553924560547
v_x_i = -0.14460094639512358
v_y_i = -0.23414210850155573
v_z_i = -0.6196850268107371
pericentre_lmc = 59.48026414829626
apocentre_lmc = 422.0972354945105
time_last_peri_lmc = -1249.1621885686372
period_lmc = -571.9174401563264
ra = 227.242
dec = 67.2221
distance = 73.8
pmra = -0.097
pmdec = 0.087
radial_velocity = -245.6
x = -21.523075762978447
y = 50.57522804108174
z = 52.06882362377995
v_x = 14.00316535161103
v_y = 63.78107446930383
v_z = -163.50340571974897
orbit_name = "smallperi"
idx_i = 1
t_i = -2015.0
ra_err = 0.0045
dec_err = 0.0016
distance_err = 3.6
pmra_err = 0.017
pmdec_err = 0.017
radial_velocity_err = 1
