pericentre = 74.45422307211749
apocentre = 499.25036069313416
time_last_peri = -605.3859306301906
Lx_f = -57.198627300183496
Ly_f = -15.978848621110703
Lz_f = -7.773473376134095
E_f = -1.246809378294602
period = -749.1035661944309
dt = -1007.4999999999999
peri_apo_max_err = 0.011414408258858089
x_i = 88.58403015136719
y_i = 162.76792907714844
z_i = -463.58428955078125
v_x_i = -0.09483138758513139
v_y_i = -0.7216377221514887
v_z_i = 0.23080474500371037
pericentre_lmc = 2.410629070801388
apocentre_lmc = 381.484643485832
time_last_peri_lmc = -1188.1314118221787
period_lmc = -359.294088910601
ra = 227.246
dec = 67.222376
distance = 76.8
pmra = -0.113
pmdec = 0.1
radial_velocity = -245.7
x = -22.066992709523454
y = 52.63262158626696
z = 54.18336622861395
v_x = 5.185595803595496
v_y = 60.691862861892645
v_z = -162.91238312135087
orbit_name = "smallperilmc"
idx_i = 1
t_i = -2015.0
ra_err = 0.0045
dec_err = 0.0016
distance_err = 3.6
pmra_err = 0.017
pmdec_err = 0.017
radial_velocity_err = 1
