ra = 80.8
ra_err = 0.4
dec = -69.8
dec_err = 0.2
distance = 49.59
distance_err = 0.54
pmra = 1.910
pmra_err = 0.020 #0.002 + gaia sys
pmdec = 0.229
pmdec_err = 0.047 #0.002 + gaia sys
radial_velocity = 262 
radial_velocity_err = 3


ellipticity = 0.164
ellipticity_em = 0.001
ellipticity_ep = 0.001
ellipticity_ref = "Choi2018ApJ...869..125C"
position_angle = 227.24
position_angle_em = 0.178
position_angle_ep = 0.188
postiion_angle_ref = "Choi2018ApJ...869..125C"

r_h = 192.9
r_h_em = 0.2
r_h_ep = 0.2
r_h_ref = "Choi2018ApJ...869..125C"

R_h = 176.3743256826231
R_h_em = 0.1828660712105994
R_h_ep = 0.1828660712105994
R_h_ref = "Choi2018ApJ...869..125C"

Mv = -18.077
Mv_em = 0.1
Mv_ep = 0.1
