pericentre = 4.27850101991757
idx_peri = 148
t_last_peri = -732.393358569336
delta_v_peri = 235.73735101091572
