pericentre = 104.64293548189197
apocentre = 373.53768969497014
pericentres = [104.64293548189197, 34.53359088453116]
apocentres = [373.53768969497014]
period = 6.130472698974608
idx_f = 129
idx_peri = 68
t_last_peri = 2.8761960449218744
t_f_gyr = -3.4653523315429684
ra_f = 253.87455363671475
dec_f = 54.76901301955904
distance_f = 373.0697078807674
pmra_f = -0.04632993924191838
pmdec_f = -0.024330565184174504
radial_velocity_f = -0.024330565184174504
theta0 = 98.04700791467516
idx_peris = [68, 198]
idx_apos = [126]
t_peris = [-1344.97314453125, -44.766845703125]
t_apos = [-764.971923828125]
chi2_best = 3035.8757858642384
chi2_best_interp = 3035.8757858642384
