r_J = 131.77663578692966
r_J_kpc = 2.7944112394069114
peri = 38.81124706887182
r_break = 25
r_break_kpc = 0.6050474740247008
peri_required = 10.847815268778987
rho_mean_host_peri = 0.00014766961706878947
rho_mean_host_required = 0.002159338426311922
