r_J = 121.30125210499658
r_J_kpc = 2.572273758638132
peri = 19.998927230921453
r_break = 25
r_break_kpc = 0.6050474740247008
peri_required = 4.250823273687852
rho_mean_host_peri = 0.00017466068976474018
rho_mean_host_required = 0.0021593384263119226
