pericentre = 19.998927230921453
idx_peri = 403
t_last_peri = 0.1034721484375
delta_v_peri = 539.5149900179283
