pericentre = 38.81124706887182
apocentre = []
period = nan
idx_f = 425
idx_peri = 354
t_last_peri = 0.3338441015625
t_f_gyr = 0.0
ra_f = 14.991755667597438
dec_f = -33.747703981108366
distance_f = 72.89970757827675
pmra_f = 0.13740094604303293
pmdec_f = -0.1573287617721741
radial_velocity_f = -0.1573287617721741
theta0 = -35.594120589964824
idx_peris = [354]
idx_apos = []
t_peris = [-70.8046875]
t_apos = []
