break_radius_arcmin = 103.93711697399443
break_radius_kpc = 2.5690839583384126
