pericentre = 1.634803136604084
apocentre = 74.34738324164587
n_peris = 3
period = 189.52613580850024
period_apo = 189.83683439179285
time_last_peri = -22.99169516365413
peri_apo_max_err = 0.39475693703055836
orbital_timestep = -0.31069858329262334
x_i = 2.3629565238952637
y_i = -63.915767669677734
z_i = 37.83032989501953
v_x_i = 0.0010472387075424194
v_y_i = -0.047305166721343994
v_z_i = -0.08287017047405243
t_i = -496.80703468490475
x = 0.16210173070430756
y = 5.730639457702637
z = 37.80100631713867
v_x = 0.009797423146665096
v_y = 0.06971246004104614
v_z = 1.1566752195358276
t_f = 0.0
Lx_f = 3.993287510424011
Ly_f = 0.1828533993092254
Lz_f = -0.044844989243779665
E_f = -1.7773394251469816
idx_i = 1
ra = 209.47
ra_err = 0.11
dec = 26.68
dec_err = 0.06
distance = 39.1
distance_err = 4.257334903760167
pmra = -1.15
pmra_err = 0.03
pmdec = -0.88
pmdec_err = 0.02
radial_velocity = 188.1
radial_velocity_err = 2
orbit_name = "peri_1.5"
