pericentre = 18.04642782062513
apocentre = 149.3678413274677
n_peris = 1
period = nan
period_apo = nan
time_last_peri = -33.866145578895946
peri_apo_max_err = 0.011153223902390152
orbital_timestep = -0.31069858329262334
x_i = -32.27116394042969
y_i = -99.84142303466797
z_i = -106.30622863769531
v_x_i = 0.04724545776844025
v_y_i = 0.17097002267837524
v_z_i = -0.17554257810115814
t_i = -259.4333170493405
x = 3.636752128601074
y = 8.134284019470215
z = 53.64743423461914
v_x = -0.11157326400279999
v_y = -0.4696268141269684
v_z = 1.26409912109375
t_f = 0.0
Lx_f = 35.47681490542948
Ly_f = -10.582834512332454
Lz_f = -0.800347697546286
E_f = -1.1670600818393488
idx_i = 1
ra = 209.47
ra_err = 0.11
dec = 26.68
dec_err = 0.06
distance = 55.5
distance_err = 4.257334903760167
pmra = -1.17
pmra_err = 0.03
pmdec = -0.88
pmdec_err = 0.02
radial_velocity = 187.9
radial_velocity_err = 2
orbit_name = "peri_18"
