pericentre = 11.857983644778438
apocentre = 117.45928666219125
n_peris = 2
period = 334.0009770395701
period_apo = nan
time_last_peri = -31.069858329262335
peri_apo_max_err = 0.021115627427821693
orbital_timestep = -0.31069858329262334
x_i = 29.751846313476562
y_i = 103.38457489013672
z_i = -47.10980987548828
v_x_i = 0.027301853522658348
v_y_i = 0.08679639548063278
v_z_i = 0.20766085386276245
t_i = -532.2266731802638
x = 2.6388494968414307
y = 7.443968772888184
z = 49.09641647338867
v_x = -0.08043427765369415
v_y = -0.3179369568824768
v_z = 1.234761357307434
t_f = 0.0
Lx_f = 24.801090233149466
Ly_f = -7.207384180871912
Lz_f = -0.24023752757270245
E_f = -1.3573017856319627
idx_i = 1
ra = 209.47
ra_err = 0.11
dec = 26.68
dec_err = 0.06
distance = 50.79
distance_err = 4.257334903760167
pmra = -1.17
pmra_err = 0.03
pmdec = -0.88
pmdec_err = 0.02
radial_velocity = 188.0
radial_velocity_err = 2
orbit_name = "peri_12"
