pericentre = 3.801387365435348
apocentre = 84.0511217335101
n_peris = 3
period = 219.81924767953103
period_apo = 219.66389838788473
time_last_peri = -25.16658524670249
peri_apo_max_err = 0.12818877233732895
orbital_timestep = -0.31069858329262334
x_i = -8.335015296936035
y_i = -46.95237350463867
z_i = 69.214111328125
v_x_i = -0.016384590417146683
v_y_i = -0.09690243005752563
v_z_i = -0.06809411942958832
t_i = -574.4816805080605
x = 0.9205924868583679
y = 6.255337238311768
z = 41.260162353515625
v_x = -0.012696146965026855
v_y = -0.04457005858421326
v_z = 1.178443193435669
t_f = 0.0
Lx_f = 9.21052744442352
Ly_f = -1.608711035107362
Lz_f = 0.03838781982194739
E_f = -1.6600773829312088
idx_i = 1
ra = 209.47
ra_err = 0.11
dec = 26.68
dec_err = 0.06
distance = 42.68
distance_err = 4.257334903760167
pmra = -1.15
pmra_err = 0.03
pmdec = -0.88
pmdec_err = 0.02
radial_velocity = 188.0
radial_velocity_err = 2
orbit_name = "peri_4"
