pericentre = 7.1417841520906515
apocentre = 97.51316775556971
n_peris = 2
period = 264.40449438202245
period_apo = nan
time_last_peri = -27.9628724963361
peri_apo_max_err = 0.05837789752498157
orbital_timestep = -0.3106985832926234
x_i = 23.062658309936523
y_i = 90.25444030761719
z_i = -28.714481353759766
v_x_i = 0.013843176886439323
v_y_i = 0.05419134348630905
v_z_i = 0.17743299901485443
t_i = -424.72496336101614
x = 1.74264395236969
y = 6.824004650115967
z = 45.00919723510742
v_x = -0.04476218298077583
v_y = -0.17506106197834015
v_z = 1.2052676677703857
t_f = 0.0
Lx_f = 16.104110036270015
Ly_f = -4.1150623346824915
Lz_f = 0.0003882438581861436
E_f = -1.521190481008163
idx_i = 1
ra = 209.47
ra_err = 0.11
dec = 26.68
dec_err = 0.06
distance = 46.56
distance_err = 4.257334903760167
pmra = -1.16
pmra_err = 0.03
pmdec = -0.88
pmdec_err = 0.02
radial_velocity = 188.0
radial_velocity_err = 2
orbit_name = "mean"
