ra = 162.3375
ra_em = 0.0
ra_ep = 0.0
ra_ref = "MV2020"
dec = 51.05
dec_em = 0.0
dec_ep = 0.0
dec_ref = "MV2020"
distance = 38.01893295314407
distance_em = 6.396161993538534
distance_ep = 7.6898781039909
distance_modulus = 17.899999618530273
distance_modulus_em = 0.4000000059604645
distance_modulus_ep = 0.4000000059604645
distance_ref = "MV2020"
pmra = 0.20999999344348907
pmra_em = 0.05999999865889549
pmra_ep = 0.05999999865889549
pmra_ref = "MV2020"
pmdec = -1.0800000429153442
pmdec_em = 0.09000000357627869
pmdec_ep = 0.09000000357627869
pmdec_ref = "MV2020"
radial_velocity = -12.300000190734863
radial_velocity_em = 2.5
radial_velocity_ep = 2.5
radial_velocity_ref = "MV2020"
sigma_v = 4.0
sigma_v_em = 0.8
sigma_v_ep = 0.8
sigma_v_ref = "Willman2011AJ....142..128W"
position_angle = 74.0
position_angle_em = 4.0
position_angle_ep = 4.0
postiion_angle_ref = "MV2020"
ellipticity = 0.4699999988079071
ellipticity_em = 0.05999999865889549
ellipticity_ep = 0.05999999865889549
ellipticity_ref = "MV2020"
Mv = -2.5299997329711914
Mv_em = 1.1399999856948853
Mv_ep = 1.1399999856948853
mv = 15.369999885559082
mv_em = 0.7400000095367432
mv_ep = 0.7400000095367432
mv_ref = "MV2020"
r_h = 2.5299999713897705
r_h_em = 0.2199999988079071
r_h_ep = 0.2199999988079071
r_h_ref = "MV2020"
metallicity = -2.19
metallicity_em = 0.08
metallicity_ep = 0.08
metallicity_ref = "Willman2011AJ....142..128W"
pmra_gsr = 0.6635684146054074
pmdec_gsr = 0.1785758130743927
radial_velocity_gsr = 36.812608124900585
theta_pm_gsr = -39.64
MV2020_references = "(12)(13)(98)(130)(181)(255)(266)(267)"
