break_radius_arcmin = 113.4625241835977
break_radius_kpc = 2.6010806101113517
