pericentre = 7.135946207502768
apocentre = 97.51320479248702
n_peris = 2
period = 264.26642664266427
period_apo = nan
time_last_peri = -28.082808280828083
peri_apo_max_err = 0.0018467900104610635
orbital_timestep = -0.060006000600060005
x_i = 23.06433868408203
y_i = 90.26101684570312
z_i = -28.692726135253906
v_x_i = 0.013587289489805698
v_y_i = 0.053189944475889206
v_z_i = 0.17775554955005646
t_i = -424.6024602460246
x = 1.74264395236969
y = 6.824004650115967
z = 45.00919723510742
v_x = -0.04476218298077583
v_y = -0.17506106197834015
v_z = 1.2052676677703857
t_f = 0.0
Lx_f = 16.104110036270015
Ly_f = -4.1150623346824915
Lz_f = 0.0003882438581861436
E_f = -1.521190481008163
idx_i = 1
ra = 209.47
ra_err = 0.11
dec = 26.68
dec_err = 0.06
distance = 46.56
distance_err = 4.257334903760167
pmra = -1.16
pmra_err = 0.03
pmdec = -0.88
pmdec_err = 0.02
radial_velocity = 188.0
radial_velocity_err = 2
orbit_name = "2_peri_7kpc"
