pericentre = 43.42476621380707
apocentre = 96.17136425513362
time_last_peri = -98.38788470933072
Lx_i = 59.49638915064071
Ly_i = -8.844246964007453
Lz_i = -2.8614455724339507
E_i = -1.3519001461010824
period = -345.70395701025893
dt = -1059.9999999999995
peri_apo_max_err = 0.02078910211203322
ra = 15.0183
dec = -33.7186
distance = 82.6
pmra = 0.134
pmdec = -0.198
radial_velocity = 111.2
x = -5.338306954645549
y = -9.382245060370868
z = -81.99739724266536
v_x = 16.38026665356379
v_y = 139.95963056415323
v_z = -92.00624914277982
orbit_name = "smallperi"
x_i = -2.4897446632385254
y_i = -42.77692413330078
z_i = 86.09746551513672
v_x_i = -0.09911719709634781
v_y_i = -0.5536645650863647
v_z_i = -0.2762327492237091
idx_i = 117
t_i = -1999.8632144601856
ra_err = 0.0012
dec_err = 0.0007
distance_err = 2
pmra_err = 0.017
pmdec_err = 0.017
radial_velocity_err = 0.3
