pericentre = 19.019965114523053
idx_peri = 395
t_last_peri = 0.09739771816406248
delta_v_peri = 543.4604785803228
