lastmodel = "L3M11_9Gyr_smallperi.3/orbit_0"
x_i = 159.0028839111328
y_i = -257.6498718261719
z_i = 137.4313507080078
v_x_i = -8.871109008789062
v_y_i = -0.9444081783294679
v_z_i = -26.873748779296875
dx = 3.3249473635161118
dv = 0.004093988560574596
ra = 15.0183
ra_err = 0
dec = -33.7186
dec_err = 0
pmra = 0.14
pmra_err = 0.017
pmdec = -0.151
pmdec_err = 0.017
distance = 86.0
distance_err = 2
radial_velocity = 111.2
radial_velocity_err = 0.3
