lastmodel = "L3M11_9Gyr_smallperi.3/orbit_0"
x_i = 161.91883850097656
y_i = -256.33245849609375
z_i = 136.5275421142578
v_x_i = -8.126460075378418
v_y_i = -0.6079775094985962
v_z_i = -27.104555130004886
dx = 3.3249473635161118
dv = 0.004093988560574596
ra = 15.0183
ra_err = 0
dec = -33.7186
dec_err = 0
pmra = 0.14
pmra_err = 0.017
pmdec = -0.151
pmdec_err = 0.017
distance = 86.0
distance_err = 2
radial_velocity = 111.2
radial_velocity_err = 0.3
