pericentre = 45.82204556429893
apocentre = [286.30914012993026]
period = 5.89448671875
idx_f = 192
idx_peri = 184
t_last_peri = 0.37793671874999996
t_f_gyr = -0.00021883862109374995
ra_f = 20.61929163975233
dec_f = -31.09610015326136
distance_f = 88.00511120384367
pmra_f = 0.15422853071025638
pmdec_f = -0.12860287917807323
radial_velocity_f = -0.12860287917807323
theta0 = -33.88224377683908
idx_peris = [59, 184]
idx_apos = [103]
t_peris = [-1340.15625, -90.0]
t_apos = [-900.0]
