ra = 202.01458333333332
ra_em = 0.0
ra_ep = 0.0
ra_ref = "MV2020"
dec = 33.55583333333333
dec_em = 0.0
dec_ep = 0.0
dec_ref = "MV2020"
distance = 210.86281499332887
distance_em = 5.7465971107722
distance_ep = 5.907595488640766
distance_modulus = 21.62
distance_modulus_em = 0.06
distance_modulus_ep = 0.06
distance_ref = "Kuehn2008ApJ...674L..81K"
pmra = -0.10999999940395355
pmra_em = 0.019999999552965164
pmra_ep = 0.019999999552965164
pmra_ref = "MV2020"
pmdec = -0.11999999731779099
pmdec_em = 0.019999999552965164
pmdec_ep = 0.019999999552965164
pmdec_ref = "MV2020"
radial_velocity = 30.899999618530273
radial_velocity_em = 0.6000000238418579
radial_velocity_ep = 0.6000000238418579
radial_velocity_ref = "MV2020"
sigma_v = 7.599999904632568
sigma_v_em = 0.4000000059604645
sigma_v_ep = 0.4000000059604645
sigma_v_ref = "MV2020"
position_angle = 80
position_angle_em = 2.0
position_angle_ep = 2.0
postiion_angle_ref = "munoz+2018"
ellipticity = 0.46
ellipticity_em = 0.02
ellipticity_ep = 0.02
ellipticity_ref = "munoz+2018"
Mv = -8.59000015258789
Mv_em = 0.30000001192092896
Mv_ep = 0.30000001192092896
mv = 12.89
mv_em = 0.06
mv_ep = 0.06
mv_ref = "Munoz2018ApJ...860...66M"
r_h = 7.67
r_h_em = 0.23
r_h_ep = 0.23
r_h_ref = "munoz+2018"
R_h = 5.64
R_h_err = 0.2
metallicity = -1.9800000190734863
metallicity_em = 0.009999999776482582
metallicity_ep = 0.009999999776482582
metallicity_ref = "MV2020"
pmra_gsr = 0.0458952953274573
pmdec_gsr = 0.06379986215963926
radial_velocity_gsr = 80.98303095500343
theta_pm_gsr = -39.64
MV2020_references = "(36)(8)(98)(130)(179)(180)(266)(267)"
