r_h = 7.473386945502486
r_h_err = 0.44967314418456267
chi2_sersic = 0.9389800348171241
M_sersic = 168.82148993816136
M_sersic_err = 23.351512023980632
n_sersic = 1.1002666581494873
n_sersic_err = 0.1705910777885137
r_s_exp = 4.524407747572966
r_s_exp_err = 0.22870034914910234
chi2_exp = 0.8722583574559236
M_exp = 176.5640085115832
M_exp_err = 22.683715140135885
r_s_king = 4.770499306512622
r_s_king_err = 0.814590639456598
c_king = 7.962415388186297
c_king_err = 2.1216903233690743
chi2_king = 2.1216903233690743
M_king = 174.0345833454145
M_king_err = 60.27997760542202
