pericentre = 19.418498966037177
apocentre = 335.79946057891635
time_last_peri = -79.26966292134833
Lx_i = 73.24302040239797
Ly_i = -7.070389859286763
Lz_i = -3.7878330162191727
E_i = -0.7379936044568141
period = -1432.4494382022472
dt = -954.4999999999998
peri_apo_max_err = 0.07175083612634126
pericentre_lmc = 29.91653993487777
apocentre_lmc = 597.1172215988214
time_last_peri_lmc = -23.314606741573034
period_lmc = -747.9325842696629
ra = 15.0183
dec = -33.7186
distance = 84.6
pmra = 0.099
pmdec = -0.124
radial_velocity = 111.2
x = -5.27090583088098
y = -9.609418064253942
z = -83.98331000883158
v_x = 11.460458462591236
v_y = 169.93756417434045
v_z = -95.60246844852419
orbit_name = "smallperilmc"
x_i = -23.252044677734375
y_i = 308.53167724609375
z_i = 130.49453735351562
v_x_i = 0.127933533465276
v_y_i = 0.014941665912433209
v_z_i = -0.009988980904839424
idx_i = 993
t_i = -983.8764044943821
ra_err = 0.0012
dec_err = 0.0007
distance_err = 2
pmra_err = 0.017
pmdec_err = 0.017
radial_velocity_err = 0.3
