pericentre = 13.614403816965895
apocentre = 288.5753884246486
time_last_peri = -81.13483146067416
Lx_i = 67.54733354321581
Ly_i = -8.061204164518404
Lz_i = -3.3715032088340613
E_i = -0.7972634150666593
period = -1223.5505617977528
dt = -954.4999999999998
peri_apo_max_err = 0.207785396076698
pericentre_lmc = 28.924113684699808
apocentre_lmc = 641.5924264558996
time_last_peri_lmc = -24.247191011235955
period_lmc = -661.6685393258429
ra = 15.0183
dec = -33.7186
distance = 83.9
pmra = 0.112
pmdec = -0.155
radial_velocity = 111.2
x = -5.294496224198575
y = -9.529907512894868
z = -83.28824054067343
v_x = 14.092870654172135
v_y = 157.43773864938078
v_z = -94.08324237583628
orbit_name = "slightlysmallperi"
x_i = 137.0077362060547
y_i = -204.3058319091797
z_i = 144.18771362304688
v_x_i = 0.047367182394117836
v_y_i = -0.15054397435864234
v_z_i = -0.07225737392385073
idx_i = 1
t_i = -1909.0
ra_err = 0.0012
dec_err = 0.0007
distance_err = 2
pmra_err = 0.017
pmdec_err = 0.017
radial_velocity_err = 0.3
