[profile]
v_circ_max = 0.151884
r_circ_max = 5.93825

