pericentre = 41.47682452080636
apocentre = 90.90428728224491
pericentres = [43.49495824004531, 42.149114593338666, 41.751066984607725, 41.779296714782305, 41.54676345938769, 41.47682452080636]
apocentres = [93.52210094999533, 92.49265009241242, 91.73281248517053, 91.32201485825395, 90.90428728224491, 90.44579172418106]
period = 1.5417106079101561
idx_peris = [18, 52, 85, 117, 150, 182]
idx_apos = [35, 68, 101, 134, 166, 198]
t_peris = [170.0244140625, 510.0732421875, 840.029296875, 1159.892578125, 1490.107421875, 1809.970703125]
t_apos = [340.048828125, 670.0048828125, 999.9609375, 1329.9169921875, 1650.0390625, 1969.90234375]
idx_f = 192
idx_peri = 182
t_last_peri = 0.47221369628906196
t_f_gyr = 9.006225561523436
ra_f = 17.907987016871733
dec_f = -36.58747273545935
distance_f = 80.05179673296333
pmra_f = 0.14606605065008058
pmdec_f = -0.20358993302255946
radial_velocity_f = -0.20358993302255946
theta0 = -40.99776885447374
chi2_best = 266.6196137290843
chi2_best_interp = 266.6196137290843
