t_last_peri = 0.4905165527343751
apocentre = 85.90011831441088
period = 1.5032746093750005
theta0 = -41.748051235264995
pericentre = 47.27316525732812
idx_peri = 1537
ra0 = 18.955859543275828
idx_f = 1641
dec0 = -37.774162642587854
