name = "largeperi"
ra = 227.2419986894202
dec = 67.2220997837741
distance = 75.17200031679057
pmra = -0.09300001830279031
pmdec = 0.10699998625755199
radial_velocity = -245.15899593691984
distance_err = 3.6
pmra_err = 0.017
pmdec_err = 0.017
radial_velocity_err = 1.0
pericentre = 46.072858303289465
apocentre = 91.27139779968824
t_apo_i = 0.065890283203125
r_i = 91.26982950351346
x_i = 15.496495246887207
y_i = -7.1547064781188965
z_i = -89.65963745117188
v_x_i = 30.127790623903277
v_y_i = -134.8198352098465
v_z_i = 16.796700496971606
