name = "largeperi"
ra = 227.24199802176088
dec = 67.22210042561125
distance = 77.59999828388403
pmra = -0.09400001079468627
pmdec = 0.10200000590045491
radial_velocity = -245.89999918647462
distance_err = 3.6
pmra_err = 0.017
pmdec_err = 0.017
radial_velocity_err = 1.0
pericentre = 46.99489582225181
apocentre = 94.369887432352
t_apo_i = 1.3629527099609373
r_i = 94.35177255351599
x_i = -21.167165756225586
y_i = 91.51378631591797
z_i = -8.912631034851074
v_x_i = 22.516787956655026
v_y_i = -8.937666594982147
v_z_i = -136.3920347929001
