name = "mean"
ra = 227.24199867516518
dec = 67.22209907320136
distance = 70.09999845859623
pmra = -0.12400000144212171
pmdec = 0.07799999396854808
radial_velocity = -245.90000427917641
distance_err = 3.6
pmra_err = 0.017
pmdec_err = 0.017
radial_velocity_err = 1.0
pericentre = 36.99533223072484
apocentre = 82.73190629174579
t_apo_i = 0.20743237304687498
r_i = 82.71844551738607
x_i = 4.798486232757568
y_i = -64.93395233154297
z_i = 51.01860046386719
v_x_i = -34.35028937160969
v_y_i = 77.99715138077737
v_z_i = 100.68274403810501
