name = "mean"
ra = 227.24199867516518
dec = 67.22209907320136
distance = 70.09999845859623
pmra = -0.12400000862401535
pmdec = 0.0779999838601116
radial_velocity = -245.19999628565188
distance_err = 2.9
pmra_err = 0.017
pmdec_err = 0.017
radial_velocity_err = 1.0
pericentre = 37.042099384337384
apocentre = 82.53580840994289
t_apo_i = 0.22695541992187498
r_i = 82.5190839497683
x_i = 4.656092166900635
y_i = -64.59452056884766
z_i = 51.13969039916992
v_x_i = -34.490360140800476
v_y_i = 78.98470237851143
v_z_i = 100.27877231240272
