lastmodel = "L3M11_9Gyr_smallperi"
x_i = 76.47162628173828
y_i = -335.7178039550781
z_i = 125.42681884765625
v_x_i = -3.974717855453491
v_y_i = 25.180484771728516
v_z_i = -24.238546371459964
dJ_R = 24.42
dJ_z = 0.94
dJ_phi = -0.59
dtheta_R = -0.047
dtheta_z = -0.001
dtheta_phi = 0.014
J_R = 91.6861261020736
J_z = 22.183754757030727
J_phi = 2.8505741141887238
theta_R = 3.8580300110442827
theta_z = 3.2307175422647014
theta_phi = 5.067215037297018
time_adjust = -1379.084716796875
time_measure = -1278.880859375
ra = 15.0183
ra_err = 0
dec = -33.7186
dec_err = 0
pmra = 0.14
pmra_err = 0.017
pmdec = -0.151
pmdec_err = 0.017
distance = 86.0
distance_err = 2
radial_velocity = 111.2
radial_velocity_err = 0.3
