lastmodel = "L3M11_9Gyr_smallperi"
dpos_R = 0.0
dpos_z = 0.0
dpos_phi = 0.0
dvel_R = -0.08
dvel_z = 0.0
dvel_phi = 0.0
x_i = 68.54021453857422
y_i = -313.53350830078125
z_i = 110.8353271484375
v_x_i = -3.534901142120361
v_y_i = 26.482345581054688
v_z_i = -22.894676208496097
ra = 15.0183
ra_err = 0
dec = -33.7186
dec_err = 0
pmra = 0.14
pmra_err = 0.017
pmdec = -0.151
pmdec_err = 0.017
distance = 86.0
distance_err = 2
radial_velocity = 111.2
radial_velocity_err = 0.3
