lastmodel = "L3M11_9Gyr_smallperi"
x_i = 68.54021453857422
y_i = -313.53350830078125
z_i = 110.8353271484375
v_x_i = 0.05553704872727394
v_y_i = 10.872183799743654
v_z_i = -18.444808959960938
ra = 15.0183
ra_err = 0
dec = -33.7186
dec_err = 0
pmra = 0.14
pmra_err = 0.017
pmdec = -0.151
pmdec_err = 0.017
distance = 86.0
distance_err = 2
radial_velocity = 111.2
radial_velocity_err = 0.3
