lastmodel = "L3M11_9Gyr_smallperi"
x_i = 67.1694107055664
y_i = -307.2628479003906
z_i = 108.61862182617188
v_x_i = -0.18557944893836978
v_y_i = 11.161053657531738
v_z_i = -17.478540420532227
ra = 15.0183
ra_err = 0
dec = -33.7186
dec_err = 0
pmra = 0.14
pmra_err = 0.017
pmdec = -0.151
pmdec_err = 0.017
distance = 86.0
distance_err = 2
radial_velocity = 111.2
radial_velocity_err = 0.3
