pericentre = 49.040565342203934
apocentre = [270.1046254157895, 188.02478917540398]
period = 4.338951698608398
idx_f = 192
idx_peri = 156
t_last_peri = 1.6920703002929687
t_f_gyr = 0.0
ra_f = 10.021893524051798
dec_f = -23.760783935663394
distance_f = 180.68255740161155
pmra_f = 0.12481289316519503
pmdec_f = -0.1586212248009918
radial_velocity_f = -0.1586212248009918
theta0 = -26.553885341650545
idx_peris = [59, 156]
idx_apos = [100, 187]
t_peris = [-1329.2158203125, -358.86962890625]
t_apos = [-919.0791015625, -48.936767578125]
