lastmodel = "L3M11_9Gyr_smallperi"
x_i = 66.96118927001953
y_i = -311.6417541503906
z_i = 117.16321563720703
v_x_i = -0.18557944893836978
v_y_i = 11.161053657531738
v_z_i = -17.478540420532227
ra = 15.0183
ra_err = 0
dec = -33.7186
dec_err = 0
pmra = 0.14
pmra_err = 0.017
pmdec = -0.151
pmdec_err = 0.017
distance = 86.0
distance_err = 2
radial_velocity = 111.2
radial_velocity_err = 0.3
