pericentre = 49.040565342203934
apocentre = 270.1046254157895
pericentres = [4.7120203043460345, 49.040565342203934]
apocentres = [270.1046254157895, 188.02478917540398]
period = 4.338951698608398
idx_f = 179
idx_peri = 156
t_last_peri = 1.083364490966797
t_f_gyr = -0.6087058093261718
ra_f = 16.677661661231028
dec_f = -34.31020193746206
distance_f = 173.0971339530271
pmra_f = 0.13532660936972146
pmdec_f = -0.15852026065549318
radial_velocity_f = -0.15852026065549318
theta0 = -32.29149310912437
idx_peris = [59, 156]
idx_apos = [100, 187]
t_peris = [-1329.2158203125, -358.86962890625]
t_apos = [-919.0791015625, -48.936767578125]
