theta0 = 59.45307245382196
idx_peris = [17, 47, 76, 105, 133, 162, 190, 218]
t_last_peri = 0.9435525390624999
apocentre = [84.78888032344337, 83.70768524175813, 83.01386130790044, 82.45905520510918, 81.99878997494773, 81.96914237698147, 82.17569611546979]
period = 1.3527856370192308
pericentre = 36.86264643461829
idx_peri = 190
idx_f = 210
idx_apos = [32, 61, 90, 119, 148, 176, 204]
t_peris = [159.93408203125, 460.10986328125, 749.9072265625, 1039.970703125, 1319.921875, 1609.9853515625, 1889.9365234375, 2169.8876953125]
dec0 = 67.97992480763023
distance_f = 70.00192794615928
ra0 = 231.18472728002016
t_apos = [310.02197265625, 600.08544921875, 889.8828125, 1179.9462890625, 1470.009765625, 1749.9609375, 2029.912109375]
