t_last_peri = 0.47099350585937394
distance_f = 82.69206830907346
apocentre = 98.21289573396392
period = 1.79123955078125
theta0 = -39.6556492181936
pericentre = 51.45313888243435
idx_peri = 171
ra0 = 14.98948849806864
idx_f = 181
dec0 = -33.769288707141115
