pericentre = 10.21956451651006
apocentre = 93.50447138929702
pericentres = [8.71488916605294, 10.21956451651006, 7.254549191554083]
apocentres = [93.50447138929702, 92.60940818867589, 92.00865900452597]
period = 247.4609375
idx_peris = [14, 39, 64]
idx_apos = [27, 52, 76]
t_peris = [130.078125, 380.078125, 630.078125]
t_apos = [260.15625, 510.15625, 750.0]
idx_f = 42
idx_peri = 39
t_last_peri = 30.078125
t_f_gyr = 1.9338867187499997
ra_f = 211.64585474149757
dec_f = 27.37943303630792
distance_f = 44.27562494663083
pmra_f = -1.2270894094966518
pmdec_f = -0.8840495558324404
radial_velocity_f = -0.8840495558324404
theta0 = -96.00721236524942
chi2_best = 3.8466085470494487
chi2_best_interp = 3.667123764296212
