sigma_los = 5.031267427511293
dec = -33.73932549911554
r_b = 295.30069517417076
pmra = 0.36070071613139815
ra = 15.013230664659691
pmdec = -0.47461972460588747
