ra = 209.5141
ra_err = 0.0
ra_ref = "Munoz2018ApJ...860...66M"
dec = 12.8553
dec_err = 0.0
dec_ref = "Munoz2018ApJ...860...66M"
distance = 41.68693834703355
distance_err = 1.1679136927103642
distance_ref = "Walsh2008ApJ...688..245W"
pmra = -2.33
pmra_err = 0.09
pmra_ref = "MV2020b"
pmdec = -0.41
pmdec_err = 0.06
pmdec_ref = "MV2020b"
radial_velocity = -130.4
radial_velocity_err = 1.4
radial_velocity_ref = "Bruce2023ApJ...950..167B"
sigma_v = 2.9
sigma_v_err = 1.6
sigma_v_ref = "Bruce2023ApJ...950..167B"
PA = -68.0
PA_err = 27.0
PA_ref = "Munoz2018ApJ...860...66M"
ellipticity = 0.25
ellipticity_err = 0.11
ellipticity_ref = "Munoz2018ApJ...860...66M"
Mv = -2.9400000000000013
Mv_err = 0.25
pmra_gsr = -1.6046816475253214
pmdec_gsr = 0.5217947146479593
radial_velocity_gsr = -128.16599968094465
theta_pm_gsr = -39.64

r_h = 3.05
r_h_err = 0.45
r_h_ref = "MV20"
