break_radius_arcmin = 271.8088257130087
break_radius_kpc = 5.057813915289341
