r_J = 148.4459255151094
r_J_kpc = 3.4999631106884808
peri = 42.2040268725347
r_break = 25
r_break_kpc = 0.6050474740247008
peri_required = 10.047272802765017
rho_mean_host_peri = 0.00014298269265179564
rho_mean_host_required = 0.002878271932191726
