n_sersic = 1.1907183099405827
n_sersic_em = 0.20091213189112123
n_sersic_ep = 0.2892649619593741
log_M_s_sersic = -0.5200764952348182
log_M_s_sersic_em = 0.08879604100708216
log_M_s_sersic_ep = 0.08110199890883196
log_R_h_sersic = 1.303245974020816
log_R_h_sersic_em = 0.03785324151981917
log_R_h_sersic_ep = 0.04005128238600508
log_Sigma_bg_sersic = -5.465498958786675
log_Sigma_bg_sersic_em = 3.312659823463152
log_Sigma_bg_sersic_ep = 2.5554088608048855
"log_σ_sersic" = -1.8807779343169269
"log_σ_sersic_em" = 0.6666179187261372
"log_σ_sersic_ep" = 0.46615814509431464
chi2_sersic = 0.08274206836521043
lp_sersic = 3.5689614840278097
num_params_sersic = 4
log_M_exp2d = 3.188635841500031
log_M_exp2d_em = 0.03681648290880224
log_M_exp2d_ep = 0.03701198335271094
log_R_s_exp2d = 1.0848711657768677
log_R_s_exp2d_em = 0.029235816578146556
log_R_s_exp2d_ep = 0.032417567716020335
"log_σ_exp2d" = -1.897293042954571
"log_σ_exp2d_em" = 0.6701558889726047
"log_σ_exp2d_ep" = 0.4737214296179735
chi2_exp2d = 0.09701034600938883
lp_exp2d = 9.340215659238826
num_params_exp2d = 2
log_M_exp2d_inner = 3.178823443364097
log_M_exp2d_inner_em = 0.04580694442963473
log_M_exp2d_inner_ep = 0.0495796768817498
log_R_s_exp2d_inner = 1.0588087261196466
log_R_s_exp2d_inner_em = 0.05001910583666991
log_R_s_exp2d_inner_ep = 0.05582512015908225
"log_σ_exp2d_inner" = -1.8673500022479108
"log_σ_exp2d_inner_em" = 0.6852374533808718
"log_σ_exp2d_inner_ep" = 0.4629953650034515
chi2_exp2d_inner = 0.022292202483174945
lp_exp2d_inner = 9.729211863690377
num_params_exp2d_inner = 2
log_M_plummer = 3.2160754981527284
log_M_plummer_em = 0.03763570328656218
log_M_plummer_ep = 0.03618275005898708
log_R_s_plummer = 1.3127086360070135
log_R_s_plummer_em = 0.03510534723955949
log_R_s_plummer_ep = 0.0358826019572136
"log_σ_plummer" = -1.8921292605026094
"log_σ_plummer_em" = 0.6594364505045331
"log_σ_plummer_ep" = 0.4603103219282383
chi2_plummer = 0.06899416503514509
lp_plummer = 9.431122083440979
num_params_plummer = 2
log_M_king = 3.2019744728157593
log_M_king_em = 0.03843355474174759
log_M_king_ep = 0.038221127988744996
log_R_s_king = 1.063144159852453
log_R_s_king_em = 0.05991761858034428
log_R_s_king_ep = 0.05788650384997518
c_king = 10.922414965761208
c_king_em = 1.8747111427362437
c_king_ep = 2.495107461835735
"log_σ_king" = -1.8992797745756822
"log_σ_king_em" = 0.6789800966581532
"log_σ_king_ep" = 0.4664244160733526
chi2_king = 0.07410407787568779
lp_king = 9.948461185389336
num_params_king = 3
