[initial]
delta_t = nan
r_break = nan
sigma_v = 0.05250547127860764
r_max_sigma = 1.0
bound_mass = 1.0
time = 0.0
r_h = 0.19778445189622487
R_h = 0.15115487170359088
delta_t_Gyr = nan
sigma_v_kms = 10.889634743183226
r_break_arcmin = nan

[final]
delta_t = 170.02441406250014
r_break = 3.8325240207962854
sigma_v = 0.0409836759666491
r_max_sigma = 1.0
bound_mass = 0.9611482422731121
time = 2050.126953125
r_h = 0.24989301031675656
R_h = 0.1907822433524344
delta_t_Gyr = 0.8016651123046881
sigma_v_kms = 8.500014395483023
r_break_arcmin = 203.65678118269415
