break_radius_arcmin = 381.04444285205176
break_radius_kpc = 6.334520008226065
