name = "smallperi"
ra = 15.01829989573389
dec = -33.718599542415355
distance = 82.7000020003154
pmra = 0.13399999005807528
pmdec = -0.19599998531092191
radial_velocity = 111.39999743169261
distance_err = 2.0
pmra_err = 0.017
pmdec_err = 0.017
radial_velocity_err = 0.2
pericentre = 43.68166443945366
apocentre = 96.47459106945863
t_apo_i = 0.5320030273437499
r_i = 96.47006584576154
x_i = -2.43033504486084
y_i = -43.4766731262207
z_i = 86.08336639404297
v_x_i = -20.15823207050562
v_y_i = -113.9107180595398
v_z_i = -59.60184142589569
