lastmodel = "L3M11_9Gyr_smallperi"
x_i = 62.07942581176758
y_i = -315.3263244628906
z_i = 109.75910949707031
v_x_i = -0.18557944893836978
v_y_i = 11.161053657531738
v_z_i = -17.478540420532227
ra = 15.0183
ra_err = 0
dec = -33.7186
dec_err = 0
pmra = 0.14
pmra_err = 0.017
pmdec = -0.151
pmdec_err = 0.017
distance = 86.0
distance_err = 2
radial_velocity = 111.2
radial_velocity_err = 0.3
