binwidth = 0.05
bins = [0.20894589000282437, 0.23444114453371712, 0.26304729061450444, 0.29514391442360566, 0.331156918658205, 0.3715641740042802, 0.4169018601902683, 0.4677715807662981, 0.5248483460177878, 0.5888895299418203, 0.660744920139931, 0.7413679939832798, 0.8318285706780669, 0.9333270071164161, 1.0472101258830389, 1.1749890867726518, 1.3183594389623263, 1.4792236199189133, 1.659716199588374, 1.8622322048420765, 2.089458900028244, 2.344411445337171, 2.630472906145045, 2.9514391442360575, 3.311569186582051, 3.715641740042802, 4.169018601902683, 4.677715807662981, 5.248483460177879, 5.8888952994182056, 6.6074492013993105, 7.4136799398327975, 8.318285706780669, 9.333270071164163, 10.472101258830396, 11.74989086772652, 13.183594389623261, 14.792236199189137, 16.597161995883738, 18.622322048420774, 20.894589000282444, 23.44411445337173, 26.304729061450455, 29.514391442360566, 33.11569186582052, 37.156417400428026, 41.69018601902686, 46.777158076629824, 52.484834601778836, 58.88895299418207, 66.07449201399312, 74.13679939832804, 83.18285706780672, 93.3327007116417, 104.72101258830395, 117.4989086772652, 131.83594389623275]
