n_sersic = 0.991013465642963
n_sersic_em = 0.3587355112798689
n_sersic_ep = 0.7042923557405272
log_M_s_sersic = 0.7930970349094293
log_M_s_sersic_em = 0.17075308481577434
log_M_s_sersic_ep = 0.1973609996557204
log_R_h_sersic = 0.35345470645715826
log_R_h_sersic_em = 0.08962754740048123
log_R_h_sersic_ep = 0.07978232012117031
log_Sigma_bg_sersic = -5.046497468912303
log_Sigma_bg_sersic_em = 3.4852177663154063
log_Sigma_bg_sersic_ep = 2.6730744003919864
"log_σ_sersic" = -1.6670799907217344
"log_σ_sersic_em" = 0.7205310349468885
"log_σ_sersic_ep" = 0.5211917979948459
chi2_sersic = 0.1666206165049699
lp_sersic = -5.370573422072481
num_params_sersic = 4
log_M_exp2d = 2.568332390487499
log_M_exp2d_em = 0.07883199633497284
log_M_exp2d_ep = 0.08032458481762639
log_R_s_exp2d = 0.1292023284099995
log_R_s_exp2d_em = 0.06266579346756011
log_R_s_exp2d_ep = 0.0724115335065042
"log_σ_exp2d" = -1.6785386510934042
"log_σ_exp2d_em" = 0.7432102736967434
"log_σ_exp2d_ep" = 0.5217192842824385
chi2_exp2d = 0.1423263291527211
lp_exp2d = -1.1348891145946438
num_params_exp2d = 2
log_M_exp2d_inner = 2.696256204838994
log_M_exp2d_inner_em = 0.14537615305833018
log_M_exp2d_inner_ep = 0.34222658351207436
log_R_s_exp2d_inner = 0.27934492114552556
log_R_s_exp2d_inner_em = 0.17338226978708296
log_R_s_exp2d_inner_ep = 0.2994196529504116
"log_σ_exp2d_inner" = -1.6316368397122583
"log_σ_exp2d_inner_em" = 0.7459143006444755
"log_σ_exp2d_inner_ep" = 0.5429426213440582
chi2_exp2d_inner = 0.13713798032099578
lp_exp2d_inner = -1.2192774816428082
num_params_exp2d_inner = 2
log_M_plummer = 2.596858416895623
log_M_plummer_em = 0.07982283455443229
log_M_plummer_ep = 0.0804700606517752
log_R_s_plummer = 0.3812835638973998
log_R_s_plummer_em = 0.08102624626287136
log_R_s_plummer_ep = 0.08128217601777932
"log_σ_plummer" = -1.6759893425198136
"log_σ_plummer_em" = 0.7149421282227209
"log_σ_plummer_ep" = 0.5279420869882032
chi2_plummer = 0.15058135471137074
lp_plummer = -1.24912132404669
num_params_plummer = 2
log_M_king = 2.5798597318159566
log_M_king_em = 0.08235513213017631
log_M_king_ep = 0.08104812096943181
log_R_s_king = 0.14732976515632895
log_R_s_king_em = 0.11496609623437518
log_R_s_king_ep = 0.11090896360319352
c_king = 9.334609256071037
c_king_em = 2.569918064831578
c_king_ep = 3.2017127976427613
"log_σ_king" = -1.6803981684053997
"log_σ_king_em" = 0.7553916884755836
"log_σ_king_ep" = 0.541378627172161
chi2_king = 0.2212647871545236
lp_king = -1.4104388405076551
num_params_king = 3
