pericentre = 9.696727914364164
apocentre = 90.3141726912074
pericentres = [9.11225226396789, 7.293477014061172, 11.158178441771359, 9.869181828235098, 7.337099813915794, 8.238262296938865, 10.522376403224063, 9.696727914364164, 5.381643972367907]
apocentres = [92.58777823179312, 90.92806049083556, 90.44722020634865, 90.43047164660058, 91.42422592892348, 90.2626383455223, 90.3141726912074, 89.98705773321223]
period = 243.33072916666666
idx_peris = [14, 39, 63, 88, 112, 136, 160, 185, 209]
idx_apos = [27, 51, 76, 100, 124, 148, 172, 197]
t_peris = [129.912109375, 379.90234375, 620.05859375, 870.048828125, 1109.9462890625, 1350.1025390625, 1590.0, 1839.990234375, 2079.8876953125]
t_apos = [260.0830078125, 499.98046875, 749.970703125, 990.126953125, 1230.0244140625, 1469.921875, 1710.078125, 1960.068359375]
idx_f = 187
idx_peri = 185
t_last_peri = 19.9267578125
t_f_gyr = 8.769508618164062
ra_f = 220.44411286758825
dec_f = 30.898117796956367
distance_f = 41.30986726409766
pmra_f = -1.3543142323392954
pmdec_f = -0.8007881716788731
radial_velocity_f = -0.8007881716788731
theta0 = -88.74392204516536
chi2_best = 83.03533565066911
chi2_best_interp = 82.92125780504904
