pericentre = 28.06218333907249
apocentre = 70.37191157174166
pericentres = [29.88235958832647, 28.343460821183122, 28.20313331144306, 28.150372520418646, 28.05889907471963, 27.99079018143692, 28.002572928039694, 28.06218333907249, 28.133203334786298]
apocentres = [72.20147236019483, 71.19343383118377, 70.69684176297993, 70.28942577238705, 70.24755866626508, 70.15440989295931, 70.13684128959348, 70.37191157174166, 70.27599097792613]
period = 1.0873421966552734
idx_peris = [13, 37, 60, 83, 106, 129, 152, 175, 198]
idx_apos = [25, 49, 72, 95, 118, 140, 163, 186, 209]
t_peris = [120.078125, 359.9755859375, 590.0390625, 820.1025390625, 1049.9072265625, 1279.970703125, 1510.0341796875, 1740.09765625, 1969.90234375]
t_apos = [239.8974609375, 480.0537109375, 710.1171875, 939.921875, 1169.9853515625, 1389.9560546875, 1620.01953125, 1850.0830078125, 2079.8876953125]
idx_f = 192
idx_peri = 175
t_last_peri = 0.8016651123046863
t_f_gyr = 9.006225561523436
ra_f = 229.1782581131541
dec_f = 66.06554020029206
distance_f = 54.14416300815762
pmra_f = -0.11182999983529313
pmdec_f = 0.07092603511670693
radial_velocity_f = 0.07092603511670693
theta0 = 61.291661584506976
chi2_best = 148.321701932841
chi2_best_interp = 148.321701932841
