lastmodel = "orbit_smallperi.3"
dJ_R = -0.07
dJ_z = -0.3
dJ_phi = 0.25
dtheta_R = 0.0
dtheta_z = 0.0
dtheta_phi = 0.0
J_R = 7.108334061934938
J_z = 38.138507353094
J_phi = -9.208193456865502
theta_R = 3.1680107030207796
theta_z = 2.887652276329788
theta_phi = 2.0085685118042242
x_i = -18.069520950317383
y_i = 74.80440521240234
z_i = 20.607799530029297
v_x_i = 17.12949180752039
v_y_i = 34.777782899141314
v_z_i = -117.65929777622223
ra = 227.24200143381887
ra_err = 0
dec = 67.22210065639148
dec_err = 0
pmra = -0.15799998096803758
pmra_err = 0.017
pmdec = 0.050000021950772085
pmdec_err = 0.017
distance = 64.60000075808816
distance_err = 3.6
radial_velocity = -245.75000505449756
radial_velocity_err = 1.0
