pericentre = 30.4679803221452
apocentre = [78.08402673871616, 77.22927707017574, 76.52345482864042, 76.44206807470434, 76.26889372243292, 76.08368450370627, 75.99142970684278, 76.10017728073953]
period = 1.1922132062639506
idx_f = 209
idx_peri = 191
t_last_peri = 0.8480323486328114
t_f_gyr = 0.04623845132922362
ra_f = 227.98785455094267
dec_f = 67.90188062917939
distance_f = 64.29889008625929
pmra_f = -0.14750835957743377
pmdec_f = 0.06328887565557674
radial_velocity_f = 0.06328887565557674
theta0 = 58.65643393565299
idx_peris = [14, 40, 66, 91, 116, 141, 166, 191]
idx_apos = [27, 53, 78, 104, 129, 154, 179, 204]
t_peris = [129.912109375, 389.9951171875, 650.078125, 900.068359375, 1150.05859375, 1400.048828125, 1650.0390625, 1900.029296875]
t_apos = [260.0830078125, 519.9072265625, 769.8974609375, 1029.98046875, 1279.970703125, 1529.9609375, 1779.951171875, 2029.94140625]
