name = "smallperilmc"
ra = 15.01829987821785
dec = -33.71860001758349
distance = 71.483000960209
pmra = 0.1260000003938362
pmdec = -0.16200000091414277
radial_velocity = 111.4129999183785
distance_err = 4.0
pmra_err = 0.034
pmdec_err = 0.034
radial_velocity_err = 0.4
pericentre = 38.90453009688492
apocentre = 181.55187591897422
t_apo_i = 1.9555933999999997
r_i = 71.64985423874447
x_i = -5.712955951690674
y_i = -8.11950397491455
z_i = -70.95870208740234
v_x_i = 11.86699162721634
v_y_i = 163.99595555067063
v_z_i = -95.12350787520408
