pericentre = 25.159994423839674
apocentre = 203.94747789158504
pericentres = [27.155530929369373, 25.521868978735696, 25.159994423839674]
apocentres = [205.61555197278523, 203.94747789158504, 204.05511445472243]
period = 3.1233824523925775
idx_peris = [35, 102, 168]
idx_apos = [69, 135, 201]
t_peris = [340.048828125, 1010.0537109375, 1669.9658203125]
t_apos = [680.09765625, 1340.009765625, 1999.921875]
idx_f = 172
idx_peri = 168
t_last_peri = 0.18912951660156185
t_f_gyr = 8.063018359374999
ra_f = 207.70253225180994
dec_f = 26.074773530341044
distance_f = 63.121562319523726
pmra_f = -1.076252271992807
pmdec_f = -0.8458313503769755
radial_velocity_f = -0.8458313503769755
theta0 = -113.88925796834143
chi2_best = 4.7528873521880355
chi2_best_interp = 0.11298970721461903
