position_err = 0.2738336433826962
ellipticity = 0.30000001192092896
ellipticity_err = 0.029999999329447746
position_angle = 8.0
position_angle_err = 4.0
bins = [0.06614788761510836, 0.6278968126574976, 0.8409957596723017, 1.1546940191899426, 1.4478462209121528, 1.7324217455207793, 1.9438091691083343, 2.295939169084989, 2.7771508035229138, 3.260059639708076, 4.223137573734596, 6.615978512848416, 9.64682887790286, 12.050478829542289, 13.640033134922179, 15.870601676974683, 17.807107962441286, 19.979903751606557, 22.417820724479594, 25.153208558099116, 28.22236418709329, 31.66601344194951, 35.529851456041385, 39.865149012285926, 44.729432875282505, 50.18724913652791, 56.3110197018346, 63.18200328601987, 70.8913736666816, 79.541429504833, 100.12329587540566]
