lastmodel = "L3M11_9Gyr_smallperi.a2"
x_i = 73.6014404296875
y_i = -347.7177734375
z_i = 111.43580627441406
v_x_i = -4.032980918884277
v_y_i = 29.231475830078125
v_z_i = -22.78096580505371
dJ_R = 1.76
dJ_z = 0.33
dJ_phi = -0.07
dtheta_R = -0.005
dtheta_z = 0.039
dtheta_phi = -0.042
J_R = 94.47728923232341
J_z = 19.910765554341857
J_phi = 3.6120519843248857
theta_R = 3.921996446720651
theta_z = 3.3119753335233484
theta_phi = 5.1400569682955375
time_adjust = -1379.084716796875
time_measure = -1278.880859375
ra = 15.0183
ra_err = 0
dec = -33.7186
dec_err = 0
pmra = 0.14
pmra_err = 0.017
pmdec = -0.151
pmdec_err = 0.017
distance = 86.0
distance_err = 2
radial_velocity = 111.2
radial_velocity_err = 0.3
