theta0 = -40.168801146905146
idx_peris = [18, 52, 86, 119, 152, 185]
t_f_gyr = 9.1465474609375
t_last_peri = 0.4709935058593757
apocentre = [94.33552819107516, 93.63488653643984, 93.23646659044368, 93.02512221451853, 92.93925762110645]
period = 1.5747777685546873
pericentre = 42.2040268725347
idx_peri = 185
idx_f = 195
idx_apos = [35, 69, 102, 135, 169, 202]
t_peris = [170.0244140625, 510.0732421875, 850.1220703125, 1180.078125, 1510.0341796875, 1839.990234375]
dec0 = -35.983908482933174
distance_f = 81.05299515553948
ra0 = 17.359696318886567
t_apos = [340.048828125, 680.09765625, 1010.0537109375, 1340.009765625, 1680.05859375, 2010.0146484375]
