ra = 151.76666666666668
ra_em = 0.0
ra_ep = 0.0
ra_ref = "MV2020"
dec = 16.081944444444446
dec_em = 0.0
dec_ep = 0.0
dec_ref = "MV2020"
distance = 22.90866847879349
distance_em = 2.015714539597269
distance_ep = 2.210187045350523
distance_modulus = 16.799999237060547
distance_modulus_em = 0.20000000298023224
distance_modulus_ep = 0.20000000298023224
distance_ref = "MV2020"
pmra = -2.2100000381469727
pmra_em = 0.05999999865889549
pmra_ep = 0.05999999865889549
pmra_ref = "MV2020"
pmdec = -3.3399999141693115
pmdec_em = 0.05000000074505806
pmdec_ep = 0.05000000074505806
pmdec_ref = "MV2020"
radial_velocity = 208.5
radial_velocity_em = 0.8999999761581421
radial_velocity_ep = 0.8999999761581421
radial_velocity_ref = "MV2020"
sigma_v = 3.9000000953674316
sigma_v_em = 0.800000011920929
sigma_v_ep = 0.800000011920929
sigma_v_ref = "MV2020"
position_angle = 75.0
position_angle_em = 16.0
position_angle_ep = 16.0
postiion_angle_ref = "MV2020"
ellipticity = 0.3400000035762787
ellipticity_em = 0.10999999940395355
ellipticity_ep = 0.10999999940395355
ellipticity_ref = "MV2020"
Mv = -1.2999992370605469
Mv_em = 0.9300000071525574
Mv_ep = 0.9300000071525574
mv = 15.5
mv_em = 0.7300000190734863
mv_ep = 0.7300000190734863
mv_ref = "MV2020"
r_h = 3.950000047683716
r_h_em = 0.47999998927116394
r_h_ep = 0.47999998927116394
r_h_ref = "MV2020"
metallicity = -2.7200000286102295
metallicity_em = 0.4000000059604645
metallicity_ep = 0.4000000059604645
metallicity_ref = "MV2020"
pmra_gsr = -1.7158783889318105
pmdec_gsr = -1.3372140711292457
radial_velocity_gsr = 106.70930322012988
theta_pm_gsr = -39.64
MV2020_references = "(5)(6)(98)(130)(178)(255)(266)(267)"
