r_h = 6.991098511276237
r_h_err = 1.0419845745991814
chi2_sersic = 0.49515467123220314
M_sersic = 35.442477815593755
M_sersic_err = 14.949603869144733
n_sersic = 1.0124069684996362
n_sersic_err = 0.459973746955696
r_s_exp = 4.158576846132976
r_s_exp_err = 0.555426722858076
chi2_exp = 0.24791689566546554
M_exp = 35.612290948250795
M_exp_err = 10.478640182229665
r_s_king = 4.705009919914489
r_s_king_err = 2.0679431511225372
c_king = 7.200694601699032
c_king_err = 7.1364224032859775
chi2_king = 7.1364224032859775
M_king = 35.62179858198925
M_king_err = 33.28029017381952
