pericentre = 37.05742185801689
apocentre = 82.64605340249521
pericentres = [37.168585755150936, 37.059499802307236, 36.98761116355674, 37.06848489556724, 37.16314909791392, 37.24660724875379, 37.05742185801689]
apocentres = [82.69631701481492, 82.64260637498448, 82.65411312594519, 82.66892727869634, 82.69940198765399, 82.66718626319987, 82.64605340249521]
period = 1.3594955037434893
idx_peris = [15, 44, 73, 102, 131, 159, 188]
idx_apos = [30, 59, 87, 116, 145, 174, 203]
t_peris = [140.0048828125, 430.107421875, 719.951171875, 1010.0537109375, 1299.8974609375, 1579.9072265625, 1870.009765625]
t_apos = [290.1025390625, 579.9462890625, 859.9560546875, 1150.05859375, 1439.90234375, 1730.0048828125, 2020.107421875]
idx_f = 209
idx_peri = 188
t_last_peri = 0.9895744384765628
t_f_gyr = 9.806670483398436
ra_f = 232.86937889065328
dec_f = 68.50381319655504
distance_f = 68.53782235504983
pmra_f = -0.08743616614442652
pmdec_f = 0.10380278128442132
radial_velocity_f = 0.10380278128442132
theta0 = 61.65471733733034
chi2_best = 91.098420366278
chi2_best_interp = 91.098420366278
