theta0 = -32.71635159454051
idx_peris = [391, 868]
t_last_peri = 1.1506395751953122
apocentre = [341.24501892130314, 271.99914711732856]
period = 4.554564143880207
pericentre = 46.07932000221534
idx_peri = 868
idx_f = 990
idx_apos = [63, 595, 1035]
t_peris = [-1340.009765625, -386.11328125]
dec0 = -35.00965079916554
distance_f = 179.45881265220817
ra0 = 17.150553652410153
t_apos = [-1996.0400390625, -931.8994140625, -52.0166015625]
