position_err = 1.1238546694330038
ellipticity = 0.3100000023841858
ellipticity_err = 0.1599999964237213
position_angle = 50.0
position_angle_err = 26.0
bins = [0.40805945407379995, 1.313472742097434, 2.1003187396720917, 2.787522251012038, 3.1276514074128565, 3.8824930090559135, 4.615010962529305, 6.268462221756304, 7.03333029290526, 7.891526383840737, 8.854438235280147, 9.934843102461237, 11.147077301556081, 12.507226443876457, 14.033338882162907, 15.74566520126007, 17.666926931074038, 19.822618047469426, 22.24134326183985, 24.955197588248943, 28.00019222476717, 31.416732400191115, 35.25015352688085, 39.551322774137766, 44.3773140446361, 49.792165310435415, 55.8677283579626, 62.68462221756317, 70.33330292905275, 78.91526383840753, 88.54438235280166, 99.54661037099066]
