name = "smallperi"
ra = 15.018300112133563
dec = -33.71860049386055
distance = 86.1999965863089
pmra = 0.08999999740848107
pmdec = -0.1199999911425501
radial_velocity = 111.43000058170585
distance_err = 2.0
pmra_err = 0.017
pmdec_err = 0.017
radial_velocity_err = 0.2
pericentre = 45.190321070240834
apocentre = 522.7376813221988
t_apo_i = 4.888949999924999
r_i = 86.28822140428117
x_i = -5.216984748840332
y_i = -9.791156768798828
z_i = -85.57203674316406
v_x_i = 13.508251541852951
v_y_i = 172.11426856517792
v_z_i = -96.0135968387127
