name = "mean"
ra = 15.018299835652098
dec = -33.718599828039956
distance = 83.19999905152916
pmra = 0.09899999683688475
pmdec = -0.15999999666557835
radial_velocity = 111.40000218521624
distance_err = 2.0
pmra_err = 0.017
pmdec_err = 0.017
radial_velocity_err = 0.2
pericentre = 38.75723535989717
apocentre = 615.0150899916714
t_apo_i = 4.888949999924999
r_i = 83.30200356615457
x_i = -5.318086624145508
y_i = -9.450396537780762
z_i = -82.59317016601562
v_x_i = 19.472953687608243
v_y_i = 159.28304067850112
v_z_i = -94.31315383315086
