name = "largeperi"
ra = 15.018299955157282
dec = -33.71859989389383
distance = 83.36000056855315
pmra = 0.1300000044044658
pmdec = -0.20000000860267286
radial_velocity = 111.3799974520314
distance_err = 2.0
pmra_err = 0.017
pmdec_err = 0.017
radial_velocity_err = 0.2
pericentre = 31.082910000631426
apocentre = 634.854269377801
t_apo_i = 4.888949999924999
r_i = 83.46124521595839
x_i = -5.312694549560547
y_i = -9.468570709228516
z_i = -82.75204467773438
v_x_i = 18.135551814734935
v_y_i = 139.3150428414345
v_z_i = -92.05421406030655
