break_radius_arcmin = 101.09750309838064
break_radius_kpc = 2.3836122830534117
