ra = 194.2927
ra_err = 0.0
ra_ref = "Munoz2018ApJ...860...66M"
dec = 34.3226
dec_err = 0.0
dec_ref = "Munoz2018ApJ...860...66M"
distance = 159.9558028614668
distance_err = 4.481369460026087
distance_ref = "Greco2008ApJ...675L..73G"
pmra = -0.15
pmra_err = 0.07
pmra_ref = "MV2020b"
pmdec = -0.27
pmdec_err = 0.06
pmdec_ref = "MV2020b"
radial_velocity = -128.9
radial_velocity_err = 1.2
radial_velocity_ref = "Simon2007ApJ...670..313S"
sigma_v = 4.6
sigma_v_err = 0.8
sigma_v_ref = "Simon2007ApJ...670..313S"
PA = 9.0
PA_err = 15.0
PA_ref = "Munoz2018ApJ...860...66M"
ellipticity = 0.4
ellipticity_err = 0.13
ellipticity_ref = "Munoz2018ApJ...860...66M"
Mv = -5.17
Mv_err = 0.32
pmra_gsr = 0.06904689302447438
pmdec_gsr = 0.0025562729093354607
radial_velocity_gsr = -93.20720702359502
theta_pm_gsr = -39.64

r_h = 1.51
r_h_err = 0.23
r_h_ref = "MV2020"
