pericentre = 26.13704624485173
apocentre = 210.60570392114653
n_peris = 4
time_last_peri = -35.212506106497315
Lx_f = 49.07899035423134
Ly_f = -14.763788501939644
Lz_f = -1.7318036041694995
E_f = -0.9366002843249677
period = -688.3699723172122
period_apo = -687.6795310210064
dt = -1059.9999999999998
peri_apo_max_err = 0.10081636408770223
x_i = 22.02836799621582
y_i = 48.83779525756836
z_i = 203.67715454101562
v_x_i = -0.0663808211684227
v_y_i = -0.2257859706878662
v_z_i = 0.0624234639108181
ra = 209.47
dec = 26.68
distance = 60.76
pmra = -1.17
pmdec = -0.88
radial_velocity = 187.6
x = 4.751182711930745
y = 8.90520852340027
z = 58.729885444629815
v_x = -30.392566521147366
v_y = -132.56240539008397
v_z = 268.78735389597523
orbit_name = "peri_26"
idx_i = 352
t_i = -1756.4826575476307
ra_err = 0.11
dec_err = 0.06
distance_err = 4.257334903760167
pmra_err = 0.03
pmdec_err = 0.02
radial_velocity_err = 2
