theta0 = -39.60464091800664
idx_peris = [20, 56, 92, 128, 164, 199]
t_last_peri = 0.4234060791015617
apocentre = [95.70767087381697, 95.02590522850538, 94.67822386639241, 94.4760621282737]
period = 1.6921329725477432
pericentre = 49.96779708164746
idx_peri = 164
idx_f = 173
idx_apos = [38, 74, 110, 146, 182]
t_peris = [189.951171875, 549.9267578125, 909.90234375, 1269.8779296875, 1630.1123046875, 1979.9951171875]
dec0 = -34.25421835251525
distance_f = 78.80889775986728
ra0 = 15.44954705691633
t_apos = [370.068359375, 730.0439453125, 1090.01953125, 1449.9951171875, 1809.970703125]
