log_Sigma = -0.7675625005858587
log_Sigma_err = 0.003272476563119401
log_R_bg = [1.7562998393788793, 1.8062998393788794, 1.8562998393788794, 1.9062998393788795, 1.9562998393788793, 2.0062998393788796, 2.0562998393788794, 2.106299839378879, 2.1562998393788795, 2.2062998393788793, 2.2562998393788796]
n_points_bg = 11
n_points_skip = 0
