log_Sigma = -0.6970381114112958
log_Sigma_err = 0.003976318564812228
log_R_bg = [1.8062998393788794, 1.8562998393788794, 1.9062998393788795, 1.9562998393788793, 2.0062998393788796, 2.0562998393788794, 2.106299839378879, 2.1562998393788795]
n_points_bg = 8
n_points_skip = 1
