n_sersic = 0.9604328824308812
n_sersic_em = 0.04026228682393018
n_sersic_ep = 0.047700440201472016
log_M_s_sersic = 1.0424808643324006
log_M_s_sersic_em = 0.02213066175963263
log_M_s_sersic_ep = 0.017829585663439396
log_R_h_sersic = 0.9429705725704282
log_R_h_sersic_em = 0.00805498711201691
log_R_h_sersic_ep = 0.009647164035773259
log_Sigma_bg_sersic = -1.9468035340566374
log_Sigma_bg_sersic_em = 0.08327428568773176
log_Sigma_bg_sersic_ep = 0.06522850702240612
"log_σ_sersic" = -1.7034585711838037
"log_σ_sersic_em" = 0.42496349572314873
"log_σ_sersic_ep" = 0.19079310543134986
chi2_sersic = 1.6172591096673419
lp_sersic = 51.213640724358015
num_params_sersic = 4
log_M_exp2d = 4.059054688674967
log_M_exp2d_em = 0.015580241357540103
log_M_exp2d_ep = 0.01587025416829224
log_R_s_exp2d = 0.792675492932172
log_R_s_exp2d_em = 0.00852330057124484
log_R_s_exp2d_ep = 0.009033240304873957
"log_σ_exp2d" = -1.077423698320461
"log_σ_exp2d_em" = 0.06769378062484677
"log_σ_exp2d_ep" = 0.0685710538359412
chi2_exp2d = 7.214521624653806
lp_exp2d = 30.648278554974773
num_params_exp2d = 2
log_M_exp2d_inner = 4.018619640806548
log_M_exp2d_inner_em = 0.00788705392115574
log_M_exp2d_inner_ep = 0.00806202518588428
log_R_s_exp2d_inner = 0.7311439884974588
log_R_s_exp2d_inner_em = 0.008176382562737006
log_R_s_exp2d_inner_ep = 0.008842936391118106
"log_σ_exp2d_inner" = -2.0353115268918103
"log_σ_exp2d_inner_em" = 0.5821254260908368
"log_σ_exp2d_inner_ep" = 0.29769270350854105
chi2_exp2d_inner = 0.9268065205172391
lp_exp2d_inner = 50.50995464628579
num_params_exp2d_inner = 2
log_M_plummer = 4.048945908146943
log_M_plummer_em = 0.004861693894911312
log_M_plummer_ep = 0.004873446583658847
log_R_s_plummer = 0.9796931117284224
log_R_s_plummer_em = 0.004485647873295973
log_R_s_plummer_ep = 0.004579812902379188
"log_σ_plummer" = -2.3480599516337914
"log_σ_plummer_em" = 0.562359327731246
"log_σ_plummer_ep" = 0.37424526866073826
chi2_plummer = 0.8381793186438808
lp_plummer = 68.80509730952474
num_params_plummer = 2
log_M_king = 4.025376431170276
log_M_king_em = 0.010884966055010104
log_M_king_ep = 0.010787929875251123
log_R_s_king = 0.7118230101138936
log_R_s_king_em = 0.016200478126944362
log_R_s_king_ep = 0.015819107925952203
c_king = 12.245971424077734
c_king_em = 0.6423606637117967
c_king_ep = 0.7311334721755323
"log_σ_king" = -1.2884381659905457
"log_σ_king_em" = 0.07495756478419713
"log_σ_king_ep" = 0.07351404049059607
chi2_king = 3.8819437020459726
lp_king = 46.863585570955316
num_params_king = 3
