log_M_exp2d = 3.873596084177985
log_M_exp2d_em = 0.019274411141330994
log_M_exp2d_ep = 0.019540078180822817
log_R_s_exp2d = 0.835946388579863
log_R_s_exp2d_em = 0.008749669387875691
log_R_s_exp2d_ep = 0.009415495154730502
"log_σ_exp2d" = -0.9658459701326432
"log_σ_exp2d_em" = 0.059761611372896484
"log_σ_exp2d_ep" = 0.05956164007858433
chi2_exp2d = 9.179804129021047
lp_exp2d = 23.566100373195944
num_params_exp2d = 2
log_M_exp2d_inner = 3.818715760168101
log_M_exp2d_inner_em = 0.011242421710984107
log_M_exp2d_inner_ep = 0.011810209355204382
log_R_s_exp2d_inner = 0.7499394619101453
log_R_s_exp2d_inner_em = 0.01170659598898316
log_R_s_exp2d_inner_ep = 0.013490508773052579
"log_σ_exp2d_inner" = -1.7405838331707164
"log_σ_exp2d_inner_em" = 0.49954925271606543
"log_σ_exp2d_inner_ep" = 0.2234156884426055
chi2_exp2d_inner = 1.1688192985819021
lp_exp2d_inner = 38.26031710794467
num_params_exp2d_inner = 2
