log_Sigma = -1.902134725714356
log_Sigma_err = 0.01303468466257708
log_R_bg = [1.9062998393788795, 1.9562998393788793, 2.0062998393788796, 2.0562998393788794, 2.106299839378879, 2.1562998393788795, 2.2062998393788793, 2.2562998393788796]
n_points_bg = 8
n_points_skip = 0
