log_M_exp2d = 3.874648559104986
log_M_exp2d_em = 0.018980347774978146
log_M_exp2d_ep = 0.01880853268591265
log_R_s_exp2d = 0.8365533772751155
log_R_s_exp2d_em = 0.008899785760317802
log_R_s_exp2d_ep = 0.009305190746395908
"log_σ_exp2d" = -0.9672438673662873
"log_σ_exp2d_em" = 0.05773909048626713
"log_σ_exp2d_ep" = 0.06207412424705161
chi2_exp2d = 9.25747056192781
lp_exp2d = 24.191375592435477
num_params_exp2d = 2
log_M_exp2d_inner = 3.8193815016014097
log_M_exp2d_inner_em = 0.011446062722518136
log_M_exp2d_inner_ep = 0.012035906908194338
log_R_s_exp2d_inner = 0.7505238605034903
log_R_s_exp2d_inner_em = 0.01218351809367435
log_R_s_exp2d_inner_ep = 0.013483114895498804
"log_σ_exp2d_inner" = -1.7343068356227125
"log_σ_exp2d_inner_em" = 0.484310982006638
"log_σ_exp2d_inner_ep" = 0.2188195906449859
chi2_exp2d_inner = 1.1764106637869631
lp_exp2d_inner = 38.2105839037869
num_params_exp2d_inner = 2
