log_M_exp2d = 3.9418739363114446
log_M_exp2d_em = 0.03084737622355682
log_M_exp2d_ep = 0.03164639434816907
log_R_s_exp2d = 0.9237140367364516
log_R_s_exp2d_em = 0.011283777455561306
log_R_s_exp2d_ep = 0.012065655149679833
"log_σ_exp2d" = -0.7025054736856597
"log_σ_exp2d_em" = 0.052491133825655734
"log_σ_exp2d_ep" = 0.05380006249925673
chi2_exp2d = 25.557789623645515
lp_exp2d = 0.16316974156392927
num_params_exp2d = 2
log_M_exp2d_inner = 3.8193190774468118
log_M_exp2d_inner_em = 0.011599088470892305
log_M_exp2d_inner_ep = 0.012226936345194783
log_R_s_exp2d_inner = 0.750615397918468
log_R_s_exp2d_inner_em = 0.012323778330400215
log_R_s_exp2d_inner_ep = 0.013289202504411013
"log_σ_exp2d_inner" = -1.7366595523402786
"log_σ_exp2d_inner_em" = 0.4557402495776428
"log_σ_exp2d_inner_ep" = 0.2251339119262452
chi2_exp2d_inner = 1.1717646001699662
lp_exp2d_inner = 38.25664558036691
num_params_exp2d_inner = 2
