n_sersic = 1.240229925953177
n_sersic_em = 0.08689579499891642
n_sersic_ep = 0.06534785157539957
log_M_s_sersic = 0.6625287822369764
log_M_s_sersic_em = 0.028187764991745135
log_M_s_sersic_ep = 0.03377473094423733
log_R_h_sersic = 1.0252684118701143
log_R_h_sersic_em = 0.009083188954018606
log_R_h_sersic_ep = 0.011570854802915642
log_Sigma_bg_sersic = -4.44869486992617
log_Sigma_bg_sersic_em = 3.8060283186345014
log_Sigma_bg_sersic_ep = 1.6739664339729359
"log_σ_sersic" = -1.135686142549519
"log_σ_sersic_em" = 0.07511907915179594
"log_σ_sersic_ep" = 0.06533501009628284
chi2_sersic = 6.889927090168999
lp_sersic = 29.234452510820773
num_params_sersic = 4
log_M_exp2d = 3.8637110622556294
log_M_exp2d_em = 0.019632405897772376
log_M_exp2d_ep = 0.01998805705777329
log_R_s_exp2d = 0.831293988527223
log_R_s_exp2d_em = 0.010159206660697806
log_R_s_exp2d_ep = 0.010540451935371231
"log_σ_exp2d" = -0.9671969511437106
"log_σ_exp2d_em" = 0.05892803172555916
"log_σ_exp2d_ep" = 0.06244206960713006
chi2_exp2d = 12.574508311259098
lp_exp2d = 21.757502532240064
num_params_exp2d = 2
log_M_exp2d_inner = 3.805743357121775
log_M_exp2d_inner_em = 0.010706452521194176
log_M_exp2d_inner_ep = 0.010577014619398195
log_R_s_exp2d_inner = 0.741634966672575
log_R_s_exp2d_inner_em = 0.010287743084290146
log_R_s_exp2d_inner_ep = 0.012073811462175454
"log_σ_exp2d_inner" = -1.6148567873833644
"log_σ_exp2d_inner_em" = 0.3089561634541118
"log_σ_exp2d_inner_ep" = 0.17372041403440264
chi2_exp2d_inner = 1.884859117067076
lp_exp2d_inner = 35.728938702623424
num_params_exp2d_inner = 2
log_M_plummer = 3.8496698697484177
log_M_plummer_em = 0.008237914646730182
log_M_plummer_ep = 0.008545764722655669
log_R_s_plummer = 1.0013958206310103
log_R_s_plummer_em = 0.006766085993038851
log_R_s_plummer_ep = 0.0067852879953163026
"log_σ_plummer" = -1.4634633853273673
"log_σ_plummer_em" = 0.14151993490861314
"log_σ_plummer_ep" = 0.11233000950292427
chi2_plummer = 2.2246037332212345
lp_plummer = 46.12136692617583
num_params_plummer = 2
log_M_king = 3.827794760254373
log_M_king_em = 0.011909913496280566
log_M_king_ep = 0.0118490057368974
log_R_s_king = 0.7304364614962462
log_R_s_king_em = 0.019041416252536303
log_R_s_king_ep = 0.018922997184323664
c_king = 12.738541507261703
c_king_em = 0.7207951304463709
c_king_ep = 0.788139866774916
"log_σ_king" = -1.2519657818648464
"log_σ_king_em" = 0.07347650837837327
"log_σ_king_ep" = 0.07600776637715301
chi2_king = 4.785199965461053
lp_king = 39.72419615398955
num_params_king = 3
