n_sersic = 1.4383927199997277
n_sersic_em = 0.07714901526282136
n_sersic_ep = 0.06686764975241033
log_M_s_sersic = 0.5967740227536636
log_M_s_sersic_em = 0.02960642267210145
log_M_s_sersic_ep = 0.027199908328457423
log_R_h_sersic = 1.0444069986219133
log_R_h_sersic_em = 0.010353848560157974
log_R_h_sersic_ep = 0.012177412508099783
log_Sigma_bg_sersic = -4.178238385782928
log_Sigma_bg_sersic_em = 3.4934767577397103
log_Sigma_bg_sersic_ep = 0.6491528469773393
"log_σ_sersic" = -1.1181289938346881
"log_σ_sersic_em" = 0.0682664949158791
"log_σ_sersic_ep" = 0.07081129261570518
chi2_sersic = 5.648840858942619
lp_sersic = 32.44725677174525
num_params_sersic = 4
log_M_exp2d = 3.94332390840911
log_M_exp2d_em = 0.030999007747575025
log_M_exp2d_ep = 0.030452135192157836
log_R_s_exp2d = 0.9234387517849985
log_R_s_exp2d_em = 0.01142882951622537
log_R_s_exp2d_ep = 0.011927523130378148
"log_σ_exp2d" = -0.7039689793842246
"log_σ_exp2d_em" = 0.05277392887368315
"log_σ_exp2d_ep" = 0.055526941677568664
chi2_exp2d = 25.122026319250743
lp_exp2d = -0.3700330695958902
num_params_exp2d = 2
log_M_exp2d_inner = 3.808037010074681
log_M_exp2d_inner_em = 0.010389694359135948
log_M_exp2d_inner_ep = 0.010402970238469145
log_R_s_exp2d_inner = 0.7397697585515579
log_R_s_exp2d_inner_em = 0.010325680267875725
log_R_s_exp2d_inner_ep = 0.012209324354907847
"log_σ_exp2d_inner" = -1.6709490327792667
"log_σ_exp2d_inner_em" = 0.4097608153524255
"log_σ_exp2d_inner_ep" = 0.19537098848191015
chi2_exp2d_inner = 1.266338699563249
lp_exp2d_inner = 38.580530337102246
num_params_exp2d_inner = 2
log_M_plummer = 3.853238549266439
log_M_plummer_em = 0.007575293356594237
log_M_plummer_ep = 0.007540308461861045
log_R_s_plummer = 1.0038323500855264
log_R_s_plummer_em = 0.006054793148367654
log_R_s_plummer_ep = 0.005961350028967249
"log_σ_plummer" = -1.5470902203767873
"log_σ_plummer_em" = 0.18628810670486584
"log_σ_plummer_ep" = 0.1289171433788281
chi2_plummer = 1.5917610121900383
lp_plummer = 52.54512885126935
num_params_plummer = 2
log_M_king = 3.7976319619385315
log_M_king_em = 0.02209016054916635
log_M_king_ep = 0.021471709075692846
log_R_s_king = 0.6406460715025029
log_R_s_king_em = 0.02553452437012038
log_R_s_king_ep = 0.025871234160042667
c_king = 24.478702432627298
c_king_em = 1.5016273101040838
c_king_ep = 1.5773916767023515
"log_σ_king" = -0.9086306470170751
"log_σ_king_em" = 0.058078618377457425
"log_σ_king_ep" = 0.060164019037990846
chi2_king = 12.461696820924402
lp_king = 13.85362743527165
num_params_king = 3
