log_M_exp2d = 3.9414312181976845
log_M_exp2d_em = 0.02961348826862542
log_M_exp2d_ep = 0.03199465425134784
log_R_s_exp2d = 0.9238346673443592
log_R_s_exp2d_em = 0.011013413872454914
log_R_s_exp2d_ep = 0.0117815568246471
"log_σ_exp2d" = -0.7033419133692094
"log_σ_exp2d_em" = 0.05192653539351377
"log_σ_exp2d_ep" = 0.05451504825119058
chi2_exp2d = 25.540715703413344
lp_exp2d = 0.165565902540028
num_params_exp2d = 2
log_M_exp2d_inner = 3.819202615613553
log_M_exp2d_inner_em = 0.011330148813410545
log_M_exp2d_inner_ep = 0.012083290095843857
log_R_s_exp2d_inner = 0.7502745335819186
log_R_s_exp2d_inner_em = 0.011678499162103062
log_R_s_exp2d_inner_ep = 0.013381777985368881
"log_σ_exp2d_inner" = -1.7544288176607143
"log_σ_exp2d_inner_em" = 0.4815215620696047
"log_σ_exp2d_inner_ep" = 0.23106961430322537
chi2_exp2d_inner = 1.1701951980388656
lp_exp2d_inner = 38.25713319716858
num_params_exp2d_inner = 2
