log_M_exp2d = 3.8735065961365795
log_M_exp2d_em = 0.01891682296815267
log_M_exp2d_ep = 0.019255618530053642
log_R_s_exp2d = 0.836139479799052
log_R_s_exp2d_em = 0.009024410192134402
log_R_s_exp2d_ep = 0.009371769429464827
"log_σ_exp2d" = -0.9676078687444436
"log_σ_exp2d_em" = 0.05821749086665973
"log_σ_exp2d_ep" = 0.06016642737140998
chi2_exp2d = 9.18905627374022
lp_exp2d = 23.565086972098165
num_params_exp2d = 2
log_M_exp2d_inner = 3.818750367659555
log_M_exp2d_inner_em = 0.011333561892487687
log_M_exp2d_inner_ep = 0.012434749778924115
log_R_s_exp2d_inner = 0.7502869532395373
log_R_s_exp2d_inner_em = 0.012214305506099032
log_R_s_exp2d_inner_ep = 0.014037819225903858
"log_σ_exp2d_inner" = -1.7373002533688582
"log_σ_exp2d_inner_em" = 0.4844552561450848
"log_σ_exp2d_inner_ep" = 0.21886720882745814
chi2_exp2d_inner = 1.170703847255142
lp_exp2d_inner = 38.261552153553744
num_params_exp2d_inner = 2
