log_M_exp2d = 3.8747087882463322
log_M_exp2d_em = 0.019503983375610545
log_M_exp2d_ep = 0.018978725785367967
log_R_s_exp2d = 0.8366661329857431
log_R_s_exp2d_em = 0.008726354934412428
log_R_s_exp2d_ep = 0.009086699551869026
"log_σ_exp2d" = -0.9653818685134024
"log_σ_exp2d_em" = 0.057967355813578925
"log_σ_exp2d_ep" = 0.05904293572313635
chi2_exp2d = 9.266986245295312
lp_exp2d = 24.19501038401769
num_params_exp2d = 2
log_M_exp2d_inner = 3.819734412823503
log_M_exp2d_inner_em = 0.011281711880410494
log_M_exp2d_inner_ep = 0.011925574287668717
log_R_s_exp2d_inner = 0.75087580837689
log_R_s_exp2d_inner_em = 0.011730304091584598
log_R_s_exp2d_inner_ep = 0.013513840040406344
"log_σ_exp2d_inner" = -1.7324880278143295
"log_σ_exp2d_inner_em" = 0.45999461799696695
"log_σ_exp2d_inner_ep" = 0.21763590261459131
chi2_exp2d_inner = 1.1773563889523457
lp_exp2d_inner = 38.20988245641165
num_params_exp2d_inner = 2
