lastmodel = "orbit_smallperi.2"
dJ_R = 0.09
dJ_z = 0.55
dJ_phi = 0.0
dtheta_R = 0.0
dtheta_z = 0.0
dtheta_phi = 0.0
J_R = 7.15021808412138
J_z = 38.53154973897382
J_phi = -9.228193277936043
theta_R = 3.167867657341126
theta_z = 2.8770723596600423
theta_phi = 2.0090642575661666
x_i = -17.560861587524414
y_i = 75.4142837524414
z_i = 21.600255966186523
v_x_i = 17.042141892015934
v_y_i = 35.80156692862511
v_z_i = -117.29400057792664
ra = 227.24200143381887
ra_err = 0
dec = 67.22210065639148
dec_err = 0
pmra = -0.15799998096803758
pmra_err = 0.017
pmdec = 0.050000021950772085
pmdec_err = 0.017
distance = 64.60000075808816
distance_err = 3.6
radial_velocity = -245.75000505449756
radial_velocity_err = 1.0
