break_radius_arcmin = 101.10651348757162
break_radius_kpc = 2.3838247242482233
