pericentre = 18.389323211693053
apocentre = 139.04248627770912
pericentres = [17.070749127516237, 16.802287443522072, 16.604978771468275, 16.222428670281477, 16.33981637751748, 18.389323211693053]
apocentres = [140.82078811370232, 140.14750257001097, 139.710695415492, 139.3241544585626, 139.04248627770912]
period = 1.7446011610243053
idx_peris = [20, 57, 94, 131, 168, 205]
idx_apos = [38, 76, 113, 149, 186]
t_peris = [189.951171875, 560.01953125, 930.087890625, 1299.8974609375, 1669.9658203125, 2040.0341796875]
t_apos = [370.068359375, 749.970703125, 1120.0390625, 1480.0146484375, 1850.0830078125]
