r_J = 25.19204277242085
r_J_kpc = 0.53587015681783
peri = 39.04262634357123
r_break = 25
r_break_kpc = 0.6050474740247008
peri_required = 46.27211873065537
rho_mean_host_peri = 0.00014588651770340626
rho_mean_host_required = 0.00010402185501741383
