r_J = 24.427005049973193
r_J_kpc = 0.5195967292120152
peri = 21.02245273276088
r_break = 25
r_break_kpc = 0.6050474740247008
peri_required = 26.04593418492832
rho_mean_host_peri = 0.0001586884821905327
rho_mean_host_required = 0.00010402185501585491
