pericentre = 21.02245273276088
idx_peri = 41
t_last_peri = 0.11323367187499998
delta_v_peri = 537.1955687636811
