pericentre = 39.04262634357123
apocentre = nan
pericentres = [39.04262634357123]
apocentres = []
period = nan
idx_f = 44
idx_peri = 36
t_last_peri = 0.34946253906249997
t_f_gyr = 0.0
ra_f = 15.004996862089463
dec_f = -33.69577585929161
distance_f = 73.12570551750805
pmra_f = 0.13701048636139654
pmdec_f = -0.1561011719653178
radial_velocity_f = -0.1561011719653178
theta0 = -35.543421330489664
idx_peris = [36]
idx_apos = []
t_peris = [-74.1171875]
t_apos = []
chi2_best = 0.020580581430307495
chi2_best_interp = 0.020580581430307495
