name = "smallperi"
ra = 227.24200143381887
dec = 67.22210065639148
distance = 64.60000075808816
pmra = -0.15799998096803758
pmdec = 0.050000021950772085
radial_velocity = -245.75000505449756
distance_err = 3.6
pmra_err = 0.017
pmdec_err = 0.017
radial_velocity_err = 1.0
pericentre = 29.63829555126482
apocentre = 74.87647134671735
t_apo_i = 0.47099350585937494
r_i = 74.8495127103338
x_i = -16.359333038330078
y_i = 70.19319152832031
z_i = 20.192514419555664
v_x_i = 17.17299215197563
v_y_i = 36.209068006277086
v_z_i = -118.09322881698608
