log_M_exp2d = 4.325556768524322
log_M_exp2d_em = 0.013457563432970332
log_M_exp2d_ep = 0.013074750293108117
log_R_s_exp2d = 0.9599220315950872
log_R_s_exp2d_em = 0.006223725294794091
log_R_s_exp2d_ep = 0.006319852881525367
"log_σ_exp2d" = -1.1352141154634752
"log_σ_exp2d_em" = 0.06101702801925102
"log_σ_exp2d_ep" = 0.0631829677893827
chi2_exp2d = 19.70922675890767
lp_exp2d = 35.48110032433765
num_params_exp2d = 2
log_M_exp2d_inner = 4.424327485800126
log_M_exp2d_inner_em = 0.023089429321342614
log_M_exp2d_inner_ep = 0.024517060031555182
log_R_s_exp2d_inner = 1.0366115966052476
log_R_s_exp2d_inner_em = 0.017777057292926113
log_R_s_exp2d_inner_ep = 0.019549912662642166
"log_σ_exp2d_inner" = -1.302220874637813
"log_σ_exp2d_inner_em" = 0.07659903246924471
"log_σ_exp2d_inner_ep" = 0.08142664225495477
chi2_exp2d_inner = 10.64798257287814
lp_exp2d_inner = 33.955772895889986
num_params_exp2d_inner = 2
