log_Sigma = -2.1856898785826893
log_Sigma_err = 0.013975092195224735
log_R_bg = [2.0189965448294047, 2.0689965448294045, 2.1189965448294044, 2.1689965448294046, 2.218996544829405, 2.2689965448294047, 2.3189965448294045, 2.3689965448294044]
n_points_bg = 8
n_points_skip = 0
