log_M_exp2d = 4.319586967556341
log_M_exp2d_em = 0.01233516123393219
log_M_exp2d_ep = 0.011703153357252916
log_R_s_exp2d = 0.9577546738480156
log_R_s_exp2d_em = 0.005380981261250861
log_R_s_exp2d_ep = 0.005493852540262356
"log_σ_exp2d" = -1.1830134932816967
"log_σ_exp2d_em" = 0.06221467174415074
"log_σ_exp2d_ep" = 0.06477430152728902
chi2_exp2d = 12.940447908261403
lp_exp2d = 43.97679714054617
num_params_exp2d = 2
log_M_exp2d_inner = 4.404945353661125
log_M_exp2d_inner_em = 0.01956256337072748
log_M_exp2d_inner_ep = 0.021442729751464107
log_R_s_exp2d_inner = 1.0240355802922871
log_R_s_exp2d_inner_em = 0.015093651825786036
log_R_s_exp2d_inner_ep = 0.017093911552674923
"log_σ_exp2d_inner" = -1.2954029464516892
"log_σ_exp2d_inner_em" = 0.07400555543436593
"log_σ_exp2d_inner_ep" = 0.07774168402209902
chi2_exp2d_inner = 7.773272775716984
lp_exp2d_inner = 39.140690352656115
num_params_exp2d_inner = 2
