n_sersic = 0.8163726508638054
n_sersic_em = 0.019634032171811366
n_sersic_ep = 0.020265247272642672
log_M_s_sersic = 0.9367794260022906
log_M_s_sersic_em = 0.011956898398984728
log_M_s_sersic_ep = 0.010849310061157746
log_R_h_sersic = 1.1887810231490459
log_R_h_sersic_em = 0.004410146623672118
log_R_h_sersic_ep = 0.004694728850626717
log_Sigma_bg_sersic = -3.176975231664515
log_Sigma_bg_sersic_em = 0.07675089812411606
log_Sigma_bg_sersic_ep = 0.07058236625921577
"log_σ_sersic" = -1.4588913318488888
"log_σ_sersic_em" = 0.08591899006803994
"log_σ_sersic_ep" = 0.08616092402349573
chi2_sersic = 5.036682074011492
lp_sersic = 51.25106036841376
num_params_sersic = 4
log_M_exp2d = 4.3255508130502935
log_M_exp2d_em = 0.013538634275045425
log_M_exp2d_ep = 0.013120102825343594
log_R_s_exp2d = 0.9599880804030572
log_R_s_exp2d_em = 0.006273062103760552
log_R_s_exp2d_ep = 0.006455601729138616
"log_σ_exp2d" = -1.1356646469838954
"log_σ_exp2d_em" = 0.06152926727735242
"log_σ_exp2d_ep" = 0.06472773701241819
chi2_exp2d = 19.722450515429998
lp_exp2d = 35.48102847929661
num_params_exp2d = 2
log_M_exp2d_inner = 4.394886165663654
log_M_exp2d_inner_em = 0.020607497790902762
log_M_exp2d_inner_ep = 0.021801625555674775
log_R_s_exp2d_inner = 1.0161245453910426
log_R_s_exp2d_inner_em = 0.016163123260976464
log_R_s_exp2d_inner_ep = 0.017126457447540044
"log_σ_exp2d_inner" = -1.248205284793087
"log_σ_exp2d_inner_em" = 0.07300007841257639
"log_σ_exp2d_inner_ep" = 0.078086713227286
chi2_exp2d_inner = 13.675679875581762
lp_exp2d_inner = 32.71714375357822
num_params_exp2d_inner = 2
log_M_plummer = 4.301209856202089
log_M_plummer_em = 0.027694584044909654
log_M_plummer_ep = 0.027034185628623142
log_R_s_plummer = 1.1529062983369425
log_R_s_plummer_em = 0.018829285584409217
log_R_s_plummer_ep = 0.018583396226124593
"log_σ_plummer" = -0.807142316984495
"log_σ_plummer_em" = 0.05507019176925798
"log_σ_plummer_ep" = 0.05908836721986355
chi2_plummer = 67.53367608231093
lp_plummer = 11.299458045329905
num_params_plummer = 2
log_M_king = 4.307636938751575
log_M_king_em = 0.025028093786239047
log_M_king_ep = 0.02402474847190117
log_R_s_king = 0.9582074402789802
log_R_s_king_em = 0.030090242131627587
log_R_s_king_ep = 0.02945464819121546
c_king = 10.011862562061577
c_king_em = 0.7382040276136586
c_king_ep = 0.8038195859085366
"log_σ_king" = -0.8900743280318605
"log_σ_king_em" = 0.057728087999992406
"log_σ_king_ep" = 0.05895287228179924
chi2_king = 54.22802418098378
lp_king = 18.687591402217922
num_params_king = 3
