log_M_exp2d = 4.319455356789794
log_M_exp2d_em = 0.012161471050830208
log_M_exp2d_ep = 0.011632442042992075
log_R_s_exp2d = 0.9576546006932841
log_R_s_exp2d_em = 0.005275395470783928
log_R_s_exp2d_ep = 0.005709204666019541
"log_σ_exp2d" = -1.1827886827965979
"log_σ_exp2d_em" = 0.06145623275978629
"log_σ_exp2d_ep" = 0.06406019652053407
chi2_exp2d = 12.959004396534109
lp_exp2d = 43.97875244023456
num_params_exp2d = 2
log_M_exp2d_inner = 4.405020847725092
log_M_exp2d_inner_em = 0.019645594304465774
log_M_exp2d_inner_ep = 0.020807305066657733
log_R_s_exp2d_inner = 1.0242980721821526
log_R_s_exp2d_inner_em = 0.015321947260189539
log_R_s_exp2d_inner_ep = 0.01670920156468303
"log_σ_exp2d_inner" = -1.2964594288850209
"log_σ_exp2d_inner_em" = 0.07264957984834175
"log_σ_exp2d_inner_ep" = 0.0754478198529751
chi2_exp2d_inner = 7.8043732169006015
lp_exp2d_inner = 39.14057398571329
num_params_exp2d_inner = 2
