log_M_exp2d = 4.3195427643332565
log_M_exp2d_em = 0.01243850437443772
log_M_exp2d_ep = 0.011487456367653692
log_R_s_exp2d = 0.9577382418188825
log_R_s_exp2d_em = 0.0052858361581238356
log_R_s_exp2d_ep = 0.005494106385108499
"log_σ_exp2d" = -1.1820137368099317
"log_σ_exp2d_em" = 0.06232178657749565
"log_σ_exp2d_ep" = 0.06226336428224877
chi2_exp2d = 12.948636441006974
lp_exp2d = 43.9789551635013
num_params_exp2d = 2
log_M_exp2d_inner = 4.405572050181753
log_M_exp2d_inner_em = 0.020305139569756214
log_M_exp2d_inner_ep = 0.02137641930528389
log_R_s_exp2d_inner = 1.024907696700747
log_R_s_exp2d_inner_em = 0.016019875687333762
log_R_s_exp2d_inner_ep = 0.017369554446880375
"log_σ_exp2d_inner" = -1.294541081522289
"log_σ_exp2d_inner_em" = 0.07397960130946668
"log_σ_exp2d_inner_ep" = 0.07519432839332651
chi2_exp2d_inner = 7.846376390269615
lp_exp2d_inner = 39.13959548029172
num_params_exp2d_inner = 2
