pericentre = 42.383153306501285
apocentre = 93.2469596468627
pericentres = [43.49348725619979, 42.55002520177884, 42.409416166129084, 42.16552333478225, 42.27538880776709, 42.383153306501285]
apocentres = [94.28654346521382, 93.80585011703268, 93.32433627510238, 93.20861776070448, 93.2469596468627, 93.12719825532365]
period = 1.579536511230469
idx_f = 196
idx_peri = 186
t_last_peri = 0.47099350585937394
t_f_gyr = 9.194134887695311
ra_f = 14.368591115803447
dec_f = -33.08386717287083
distance_f = 83.44493279583297
pmra_f = 0.13774950552895082
pmdec_f = -0.21093284311201385
radial_velocity_f = -0.21093284311201385
theta0 = -39.470354628869956
idx_peris = [18, 52, 86, 119, 152, 186]
idx_apos = [35, 69, 102, 136, 169, 202]
t_peris = [170.0244140625, 510.0732421875, 850.1220703125, 1180.078125, 1510.0341796875, 1850.0830078125]
t_apos = [340.048828125, 680.09765625, 1010.0537109375, 1350.1025390625, 1680.05859375, 2010.0146484375]
chi2_best = 305.3215314519942
chi2_best_interp = 305.3215314519942
