lastmodel = "1e5_new_v31_r3.2/L3M11_9Gyr_smallperi.3/"
x_i = 143.8529052734375
y_i = -264.0504150390625
z_i = 142.35238647460938
v_x_i = -4.7703857421875
v_y_i = -2.7067313194274902
v_z_i = -25.716867446899418
t_match = 0.0
ra = 15.0183
ra_err = 0
dec = -33.7186
dec_err = 0
pmra = 0.14
pmra_err = 0.017
pmdec = -0.151
pmdec_err = 0.017
distance = 86.0
distance_err = 2
radial_velocity = 111.2
radial_velocity_err = 0.3
