ra = 100.4065
ra_err = 0.0
ra_ref = "Munoz2018ApJ...860...66M"
dec = -50.9593
dec_err = 0.0
dec_ref = "Munoz2018ApJ...860...66M"
distance = 105.58445924300804
distance_err = 5.537528133865379
distance_ref = "Karczmarek2015AJ....150...90K"
pmra = 0.532
pmra_err = 0.007
pmra_ref = "Pace2022ApJ...940..136P"
pmdec = 0.127
pmdec_err = 0.006
pmdec_ref = "Pace2022ApJ...940..136P"
radial_velocity = 222.9
radial_velocity_err = 0.1
radial_velocity_ref = "Walker2009AJ....137.3100W"
sigma_v = 6.6
sigma_v_err = 1.2
sigma_v_ref = "Walker2009AJ....137.3100W"
PA = 60.0
PA_err = 1.0
PA_ref = "Munoz2018ApJ...860...66M"
ellipticity = 0.36
ellipticity_err = 0.01
ellipticity_ref = "Munoz2018ApJ...860...66M"
Mv = -9.429999999999998
Mv_err = 0.05
pmra_gsr = 0.3522884575738529
pmdec_gsr = 0.13631910536746913
radial_velocity_gsr = -6.084014834169936
theta_pm_gsr = -39.64
