r_h = 9.36502247634588
r_h_err = 0.1576433699626788
chi2_sersic = 3.3916863389376566
M_sersic = 2472.980394546616
M_sersic_err = 87.83979234375998
n_sersic = 1.1541469494955539
n_sersic_err = 0.0396827314394664
r_s_exp = 5.788920081131073
r_s_exp_err = 0.07525161046466192
chi2_exp = 4.064305942726126
M_exp = 2644.3333542446085
M_exp_err = 85.27495262784932
r_s_king = 5.419729972618964
r_s_king_err = 0.2105545369614905
c_king = 9.957482160917856
c_king_err = 0.5035005460357285
chi2_king = 0.5035005460357285
M_king = 2624.859839709066
M_king_err = 209.0149282252428
