break_radius_arcmin = 133.28523858745655
break_radius_kpc = 6.957816341867952
