ra = 76.438
ra_em = 0.0
ra_ep = 0.0
ra_ref = "Cerny2021ApJ...920L..44C"
dec = -9.515
dec_em = 0.0
dec_ep = 0.0
dec_ref = "Cerny2021ApJ...920L..44C"
distance = 76.5596606911257
distance_em = 2.7692376782155463
distance_ep = 0.3533833375354334
distance_modulus = 19.42
distance_modulus_em = 0.08
distance_modulus_ep = 0.01
distance_ref = "Cerny2021ApJ...920L..44C"
pmra = 0.25
pmra_em = 0.06
pmra_ep = 0.06
pmra_ref = "Cerny2021ApJ...920L..44C"
pmdec = -0.1
pmdec_em = 0.05
pmdec_ep = 0.05
pmdec_ref = "Cerny2021ApJ...920L..44C"
radial_velocity = -31.5
radial_velocity_em = 1.2
radial_velocity_ep = 1.3
radial_velocity_ref = "Heiger2024ApJ...961..234H"
sigma_v = 6.1
sigma_v_em = 0.9
sigma_v_ep = 1.2
sigma_v_ref = "Heiger2024ApJ...961..234H"
position_angle = 65.0
position_angle_em = 8.0
position_angle_ep = 9.0
postiion_angle_ref = "Cerny2021ApJ...920L..44C"
ellipticity = 0.54
ellipticity_em = 0.14
ellipticity_ep = 0.1
ellipticity_ref = "Cerny2021ApJ...920L..44C"
Mv = -4.700000000000001
Mv_em = 0.2
Mv_ep = 0.2
mv = 14.72
mv_em = 0.2
mv_ep = 0.2
mv_ref = "Cerny2021ApJ...920L..44C"
r_h = 4.9
r_h_em = 0.8
r_h_ep = 1.1
r_h_ref = "Cerny2021ApJ...920L..44C"
R_h = 3.3233416917313816
R_h_em = 0.5425863986500215
R_h_ep = 0.7460562981437796
R_h_ref = "Cerny2021ApJ...920L..44C"
metallicity = -2.87
metallicity_em = 0.07
metallicity_ep = 0.08
metallicity_ref = "Heiger2024ApJ...961..234H"
pmra_gsr = -0.1338563879046126
pmdec_gsr = 0.34940957074080514
radial_velocity_gsr = -152.0632751198839
theta_pm_gsr = -39.64
