ra = 344.1766666666667
ra_em = 0.0
ra_ep = 0.0
ra_ref = "MV2020"
dec = -50.163333333333334
dec_em = 0.0
dec_ep = 0.0
dec_ref = "MV2020"
distance = 126.47363474711523
distance_em = 5.692251236437244
distance_ep = 5.960518772351463
distance_modulus = 20.51
distance_modulus_em = 0.1
distance_modulus_ep = 0.1
distance_ref = "MartinezVazquez2019MNRAS.490.2183M"
pmra = 0.07000000029802322
pmra_em = 0.05000000074505806
pmra_ep = 0.05000000074505806
pmra_ref = "MV2020"
pmdec = -0.28999999165534973
pmdec_em = 0.07000000029802322
pmdec_ep = 0.05999999865889549
pmdec_ref = "MV2020"
radial_velocity = -140.5
radial_velocity_em = 1.600000023841858
radial_velocity_ep = 2.4000000953674316
radial_velocity_ref = "MV2020"
sigma_v = 2.5
sigma_v_em = 0.8
sigma_v_ep = 1.3
sigma_v_ref = "Chiti2022ApJ...939...41C"
position_angle = 11.0
position_angle_em = 32.0
position_angle_ep = 32.0
postiion_angle_ref = "MV2020"
ellipticity = 0.5400000214576721
ellipticity_em = 0.25999999046325684
ellipticity_ep = 0.25999999046325684
ellipticity_ref = "MV2020"
Mv = -3.469999313354492
Mv_em = 0.7899999618530273
Mv_ep = 0.7899999618530273
mv = 16.38
mv_em = 0.3
mv_ep = 0.3
mv_ref = "Cantu2021ApJ...916...81C"
rh = 2.0799999237060547
rh_em = 0.8700000047683716
rh_ep = 0.8700000047683716
rh_ref = "MV2020"
metallicity = -2.62
metallicity_em = 0.11
metallicity_ep = 0.11
metallicity_ref = "Chiti2022ApJ...939...41C"
pmra_gsr = -0.07406620054270073
pmdec_gsr = 0.08610362365951976
radial_velocity_gsr = -187.82528370536485
theta_pm_gsr = -39.64
MV2020_references = "(226)(252)(255)(266)(267)"
