ra = 143.88666666666666
ra_em = 0.0
ra_ep = 0.0
ra_ref = "MV2020"
dec = -36.76722222222222
dec_em = 0.0
dec_ep = 0.0
dec_ref = "MV2020"
distance = 124.16523075924094
distance_em = 5.041029956503564
distance_ep = 5.254353385757682
distance_modulus = 20.47
distance_modulus_em = 0.09
distance_modulus_ep = 0.09
distance_ref = "Vivas2022ApJ...926...78V"
pmra = -0.09000000357627869
pmra_em = 0.009999999776482582
pmra_ep = 0.009999999776482582
pmra_ref = "MV2020"
pmdec = 0.11999999731779099
pmdec_em = 0.009999999776482582
pmdec_ep = 0.009999999776482582
pmdec_ref = "MV2020"
radial_velocity = 290.70001220703125
radial_velocity_em = 0.5
radial_velocity_ep = 0.5
radial_velocity_ref = "MV2020"
sigma_v = 5.98
sigma_v_em = 0.36
sigma_v_ep = 0.37
sigma_v_ref = "Ji2021ApJ...921...32J"
position_angle = 156.0
position_angle_em = 6.0
position_angle_ep = 6.0
postiion_angle_ref = "MV2020"
ellipticity = 0.3799999952316284
ellipticity_em = 0.07999999821186066
ellipticity_ep = 0.07999999821186066
ellipticity_ref = "MV2020"
Mv = -9.030000686645508
Mv_em = 0.25999999046325684
Mv_ep = 0.25999999046325684
mv = 10.74
mv_em = 0.08
mv_ep = 0.08
mv_ref = "Ji2021ApJ...921...32J"
r_h = 76.19999694824219
r_h_em = 7.199999809265137
r_h_ep = 7.199999809265137
r_h_ref = "MV2020"
R_h = 59.99993782774091
R_h_em = 5.669285540904738
R_h_ep = 5.669285540904738
R_h_ref = "MV2020"
metallicity = -1.3600000143051147
metallicity_em = 0.03999999910593033
metallicity_ep = 0.03999999910593033
metallicity_ref = "MV2020"
pmra_gsr = -0.036509739633341885
pmdec_gsr = 0.1993546042128946
radial_velocity_gsr = 51.17262981842569
theta_pm_gsr = -39.64
MV2020_references = "(236)(266)(267)"
