ra = 210.025
ra_em = 0.0
ra_ep = 0.0
ra_ref = "MV2020"
dec = 14.5
dec_em = 0.0
dec_ep = 0.0
dec_ref = "MV2020"
distance = 66.37432569650326
distance_em = 2.4008241140628357
distance_ep = 2.4909232376702306
distance_modulus = 19.110000610351562
distance_modulus_em = 0.07999999821186066
distance_modulus_ep = 0.07999999821186066
distance_ref = "MV2020"
pmra = -0.38999998569488525
pmra_em = 0.009999999776482582
pmra_ep = 0.009999999776482582
pmra_ref = "MV2020"
pmdec = -1.059999942779541
pmdec_em = 0.009999999776482582
pmdec_ep = 0.009999999776482582
pmdec_ref = "MV2020"
radial_velocity = 99.0
radial_velocity_em = 2.0999999046325684
radial_velocity_ep = 2.0999999046325684
radial_velocity_ref = "MV2020"
sigma_v = 2.4000000953674316
sigma_v_em = 0.5
sigma_v_ep = 0.8999999761581421
sigma_v_ref = "MV2020"
position_angle = 7.0
position_angle_em = 3.0
position_angle_ep = 3.0
postiion_angle_ref = "MV2020"
ellipticity = 0.25
ellipticity_em = 0.019999999552965164
ellipticity_ep = 0.019999999552965164
ellipticity_ref = "MV2020"
Mv = -6.020000457763672
Mv_em = 0.32999998331069946
Mv_ep = 0.32999998331069946
mv = 13.09000015258789
mv_em = 0.25
mv_ep = 0.25
mv_ref = "MV2020"
r_h = 11.260000228881836
r_h_em = 0.27000001072883606
r_h_ep = 0.27000001072883606
r_h_ref = "MV2020"
R_h = 9.751446244830262
R_h_em = 0.233826868313243
R_h_ep = 0.233826868313243
R_h_ref = "MV2020"
metallicity = -2.35
metallicity_em = 0.08
metallicity_ep = 0.09
metallicity_ref = "Simon2019ARA&A..57..375S"
pmra_gsr = 0.1269194935838906
pmdec_gsr = -0.47386520507054564
radial_velocity_gsr = 107.94342249416036
theta_pm_gsr = -39.64
MV2020_references = "(20)(13)(98)(134)(130)(178)(255)(266)(267)"
