ra = 33.322500000000005
ra_em = 0.0
ra_ep = 0.0
ra_ref = "MV2020"
dec = 36.17833333333333
dec_em = 0.0
dec_ep = 0.0
dec_ref = "MV2020"
distance = 30.19951189877177
distance_em = 1.3592019537695101
distance_ep = 1.4232591693352248
distance_modulus = 17.399999618530273
distance_modulus_em = 0.10000000149011612
distance_modulus_ep = 0.10000000149011612
distance_ref = "MV2020"
pmra = 0.5600000023841858
pmra_em = 0.05000000074505806
pmra_ep = 0.05000000074505806
pmra_ref = "MV2020"
pmdec = 0.07000000029802322
pmdec_em = 0.05999999865889549
pmdec_ep = 0.05999999865889549
pmdec_ref = "MV2020"
radial_velocity = -381.70001220703125
radial_velocity_em = 1.100000023841858
radial_velocity_ep = 1.100000023841858
radial_velocity_ref = "MV2020"
sigma_v = nan
sigma_v_em = nan
sigma_v_ep = nan
sigma_v_ref = "MV2020"
position_angle = 56.0
position_angle_em = 24.0
position_angle_ep = 16.0
postiion_angle_ref = "MV2020"
ellipticity = 0.20999999344348907
ellipticity_em = 0.20999999344348907
ellipticity_ep = 0.17000000178813934
ellipticity_ref = "MV2020"
Mv = -1.7999992370605469
Mv_em = 0.6000000238418579
Mv_ep = 0.6000000238418579
mv = 15.97
mv_em = 0.25
mv_ep = 0.23
mv_ref = "Richstein2024ApJ...967...72R"
r_h = 3.9000000953674316
r_h_em = 0.8999999761581421
r_h_ep = 1.100000023841858
r_h_ref = "MV2020"
R_h = 3.466395921901977
R_h_em = 0.7999374796867891
R_h_ep = 0.9777014111529798
R_h_ref = "MV2020"
metallicity = -2.240000009536743
metallicity_em = 0.05000000074505806
metallicity_ep = 0.05000000074505806
metallicity_ref = "MV2020"
pmra_gsr = -0.5893103613202855
pmdec_gsr = 0.973485449377566
radial_velocity_gsr = -252.29791845813452
theta_pm_gsr = -39.64
MV2020_references = "(221)(261)(266)(267)"
