ra = 80.894
ra_em = 0.0
ra_ep = 0.0
ra_ref = "Choi2018ApJ...869..125C"
dec = -69.7561
dec_em = 0.0
dec_ep = 0.0
dec_ref = "Choi2018ApJ...869..125C"
distance = 49.59067275049043
distance_em = 0.5450786059793984
distance_ep = 0.5511364525990459
distance_modulus = 18.477
distance_modulus_em = 0.024
distance_modulus_ep = 0.024
distance_ref = "Pietrzynski2019Natur.567..200P"
pmra = 1.91
pmra_em = 0.02
pmra_ep = 0.02
pmra_ref = "Kallivayalil2013ApJ...764..161K"
pmdec = 0.229
pmdec_em = 0.047
pmdec_ep = 0.047
pmdec_ref = "Kallivayalil2013ApJ...764..161K"
radial_velocity = 262.2
radial_velocity_em = 3.4
radial_velocity_ep = 3.4
radial_velocity_ref = "vanderMarel2002AJ....124.2639V"
sigma_v = 20.2
sigma_v_em = 0.5
sigma_v_ep = 0.5
sigma_v_ref = "vanderMarel2002AJ....124.2639V"
position_angle = 227.24
position_angle_em = 0.178
position_angle_ep = 0.188
postiion_angle_ref = "Choi2018ApJ...869..125C"
ellipticity = 0.164
ellipticity_em = 0.001
ellipticity_ep = 0.001
ellipticity_ref = "Choi2018ApJ...869..125C"
Mv = -18.077
Mv_em = 0.1
Mv_ep = 0.1
mv = 0.4
mv_em = 0.1
mv_ep = 0.1
mv_ref = "deVaucouleurs1991rc3..book.....D"
r_h = 192.9
r_h_em = 0.2
r_h_ep = 0.2
r_h_ref = "Choi2018ApJ...869..125C"
R_h = 176.3743256826231
R_h_em = 0.1828660712105994
R_h_ep = 0.1828660712105994
R_h_ref = "Choi2018ApJ...869..125C"
metallicity = nan
metallicity_em = nan
metallicity_ep = nan
metallicity_ref = nan
pmra_gsr = 1.3495680233711873
pmdec_gsr = 0.08606674100038701
radial_velocity_gsr = 57.11539097613518
theta_pm_gsr = -39.64
