ra = 114.10666666666667
ra_em = 0.0
ra_ep = 0.0
ra_ref = "MV2020"
dec = -57.99916666666667
dec_em = 0.0
dec_ep = 0.0
dec_ref = "MV2020"
distance = 37.39383436431516
distance_em = 0.39398124702920256
distance_ep = 0.3981764318727343
distance_modulus = 17.864
distance_modulus_em = 0.023
distance_modulus_ep = 0.023
distance_ref = "Torrealba2018MNRAS.475.5085T"
pmra = 1.8799999952316284
pmra_em = 0.009999999776482582
pmra_ep = 0.009999999776482582
pmra_ref = "MV2020"
pmdec = 0.12999999523162842
pmdec_em = 0.019999999552965164
pmdec_ep = 0.019999999552965164
pmdec_ref = "MV2020"
radial_velocity = 477.20001220703125
radial_velocity_em = 1.2000000476837158
radial_velocity_ep = 1.2000000476837158
radial_velocity_ref = "MV2020"
sigma_v = 3.4000000953674316
sigma_v_em = 0.800000011920929
sigma_v_ep = 1.2000000476837158
sigma_v_ref = "MV2020"
position_angle = 170.0
position_angle_em = 9.0
position_angle_ep = 9.0
postiion_angle_ref = "MV2020"
ellipticity = 0.3400000035762787
ellipticity_em = 0.07000000029802322
ellipticity_ep = 0.07000000029802322
ellipticity_ref = "MV2020"
Mv = -4.500000953674316
Mv_em = 0.15000000596046448
Mv_ep = 0.15000000596046448
mv = 13.289999961853027
mv_em = 0.10000000149011612
mv_ep = 0.10000000149011612
mv_ref = "MV2020"
r_h = 8.6899995803833
r_h_em = 0.75
r_h_ep = 0.75
r_h_ref = "MV2020"
R_h = 7.059789013603331
R_h_em = 0.6093028786969115
R_h_ep = 0.6093028786969115
R_h_ref = "MV2020"
metallicity = -2.440000057220459
metallicity_em = 0.09000000357627869
metallicity_ep = 0.09000000357627869
metallicity_ref = "MV2020"
pmra_gsr = 1.5748719684967036
pmdec_gsr = -0.08498285468881418
radial_velocity_gsr = 240.20112872321033
theta_pm_gsr = -39.64
MV2020_references = "(237)(246)(266)(267)"
