ra = 158.72
ra_em = 0.0
ra_ep = 0.0
ra_ref = "MV2020"
dec = 51.919999999999995
dec_em = 0.0
dec_ep = 0.0
dec_ref = "MV2020"
distance = 96.82779923417127
distance_em = 4.35796890822067
distance_ep = 4.563353658447568
distance_modulus = 19.93000030517578
distance_modulus_em = 0.10000000149011612
distance_modulus_ep = 0.10000000149011612
distance_ref = "MV2020"
pmra = -0.38999998569488525
pmra_em = 0.029999999329447746
pmra_ep = 0.029999999329447746
pmra_ref = "MV2020"
pmdec = -0.6299999952316284
pmdec_em = 0.029999999329447746
pmdec_ep = 0.029999999329447746
pmdec_ref = "MV2020"
radial_velocity = -55.29999923706055
radial_velocity_em = 1.399999976158142
radial_velocity_ep = 1.399999976158142
radial_velocity_ref = "MV2020"
sigma_v = 7.599999904632568
sigma_v_em = 1.0
sigma_v_ep = 1.0
sigma_v_ref = "MV2020"
position_angle = 67.0
position_angle_em = 2.0
position_angle_ep = 2.0
postiion_angle_ref = "MV2020"
ellipticity = 0.5699999928474426
ellipticity_em = 0.029999999329447746
ellipticity_ep = 0.029999999329447746
ellipticity_ref = "MV2020"
Mv = -5.119999885559082
Mv_em = 0.47999998927116394
Mv_ep = 0.47999998927116394
mv = 14.8100004196167
mv_em = 0.3799999952316284
mv_ep = 0.3799999952316284
mv_ref = "MV2020"
rh = 8.34000015258789
rh_em = 0.3400000035762787
rh_ep = 0.3400000035762787
rh_ref = "MV2020"
metallicity = -2.180000066757202
metallicity_em = 0.03999999910593033
metallicity_ep = 0.03999999910593033
metallicity_ref = "MV2020"
pmra_gsr = -0.23226812807655606
pmdec_gsr = -0.12916057009273063
radial_velocity_gsr = -5.75118070046971
theta_pm_gsr = -39.64
MV2020_references = "(28)(8)(98)(130)(179)(180)(255)(266)(267)"
