ra = 227.2854166666667
ra_em = 0.0
ra_ep = 0.0
ra_ref = "MV2020"
dec = 67.2225
dec_em = 0.0
dec_ep = 0.0
dec_ref = "MV2020"
distance = 70.14552984199715
distance_em = 2.8478642135653303
distance_ep = 2.9683785063445782
distance_modulus = 19.23
distance_modulus_em = 0.09
distance_modulus_ep = 0.09
distance_ref = "Garofalo2024arXiv241012433G"
pmra = -0.12399999797344208
pmra_em = 0.004000000189989805
pmra_ep = 0.004000000189989805
pmra_ref = "MV2020"
pmdec = 0.07800000160932541
pmdec_em = 0.004000000189989805
pmdec_ep = 0.004000000189989805
pmdec_ref = "MV2020"
radial_velocity = -246.89999389648438
radial_velocity_em = 0.10000000149011612
radial_velocity_ep = 0.10000000149011612
radial_velocity_ref = "MV2020"
sigma_v = 8.6
sigma_v_em = 0.3
sigma_v_ep = 0.3
sigma_v_ref = "Spencer2018AJ....156..257S"
position_angle = 50.0
position_angle_em = 1.0
position_angle_ep = 1.0
postiion_angle_ref = "MV2020"
ellipticity = 0.550000011920929
ellipticity_em = 0.009999999776482582
ellipticity_ep = 0.009999999776482582
ellipticity_ref = "MV2020"
Mv = -9.029999732971191
Mv_em = 0.15000000596046448
Mv_ep = 0.15000000596046448
mv = 10.369999885559082
mv_em = 0.05000000074505806
mv_ep = 0.05000000074505806
mv_ref = "MV2020"
r_h = 17.31999969482422
r_h_em = 0.10999999940395355
r_h_ep = 0.10999999940395355
r_h_ref = "MV2020"
R_h = 11.618608852476754
R_h_em = 0.073790241880266
R_h_ep = 0.073790241880266
R_h_ref = "MV2020"
metallicity = -2.130000114440918
metallicity_em = 0.009999999776482582
metallicity_ep = 0.009999999776482582
metallicity_ref = "MV2020"
pmra_gsr = 0.3765787686323268
pmdec_gsr = 0.2540217839762228
radial_velocity_gsr = -75.39634100766271
theta_pm_gsr = -39.64
MV2020_references = "(23)(24)(100)(135)(130)(180)(255)(266)(267)"
