ra = 49.13375
ra_em = 0.0
ra_ep = 0.0
ra_ref = "MV2020"
dec = -50.018055555555556
dec_em = 0.0
dec_ep = 0.0
dec_ref = "MV2020"
distance = 77.98297817345357
distance_em = 6.861656891618793
distance_ep = 7.523657181401617
distance_modulus = 19.459999084472656
distance_modulus_em = 0.20000000298023224
distance_modulus_ep = 0.20000000298023224
distance_ref = "MV2020"
pmra = 0.7599999904632568
pmra_em = 0.28999999165534973
pmra_ep = 0.20000000298023224
pmra_ref = "MV2020"
pmdec = -0.4099999964237213
pmdec_em = 0.20999999344348907
pmdec_ep = 0.23000000417232513
pmdec_ref = "MV2020"
radial_velocity = 168.6999969482422
radial_velocity_em = 12.600000381469727
radial_velocity_ep = 12.899999618530273
radial_velocity_ref = "MV2020"
sigma_v = nan
sigma_v_em = nan
sigma_v_ep = nan
sigma_v_ref = "MV2020"
position_angle = 130.0
position_angle_em = 16.0
position_angle_ep = 16.0
postiion_angle_ref = "MV2020"
ellipticity = 0.8600000143051147
ellipticity_em = 0.1899999976158142
ellipticity_ep = 0.1899999976158142
ellipticity_ref = "MV2020"
Mv = -1.5599994659423828
Mv_em = 1.2200000286102295
Mv_ep = 1.2200000286102295
mv = 17.39
mv_em = 0.1
mv_ep = 0.1
mv_ref = "Richstein2024ApJ...967...72R"
r_h = 2.8299999237060547
r_h_em = 1.309999942779541
r_h_ep = 1.309999942779541
r_h_ref = "MV2020"
R_h = 1.0588889578121266
R_h_em = 0.4901570712154736
R_h_ep = 0.4901570712154736
R_h_ref = "MV2020"
metallicity = -2.0999999046325684
metallicity_em = nan
metallicity_ep = nan
metallicity_ref = "MV2020"
pmra_gsr = 0.31104932304673405
pmdec_gsr = -0.13264588461907648
radial_velocity_gsr = 18.737166397924153
theta_pm_gsr = -39.64
MV2020_references = "(230)(231)(248)(255)(266)(267)"
