ra = 331.02000000000004
ra_em = 0.0
ra_ep = 0.0
ra_ref = "MV2020"
dec = -46.44
dec_em = 0.0
dec_ep = 0.0
dec_ref = "MV2020"
distance = 55.207743928075736
distance_em = 2.4847577857935192
distance_ep = 2.6018608124961347
distance_modulus = 18.71
distance_modulus_em = 0.1
distance_modulus_ep = 0.1
distance_ref = "MartinezVazquez2019MNRAS.490.2183M"
pmra = 0.3799999952316284
pmra_em = 0.029999999329447746
pmra_ep = 0.029999999329447746
pmra_ref = "MV2020"
pmdec = -1.4600000381469727
pmdec_em = 0.03999999910593033
pmdec_ep = 0.03999999910593033
pmdec_ref = "MV2020"
radial_velocity = -110.0
radial_velocity_em = 0.5
radial_velocity_ep = 0.5
radial_velocity_ref = "MV2020"
sigma_v = nan
sigma_v_em = nan
sigma_v_ep = nan
sigma_v_ref = "MV2020"
position_angle = nan
position_angle_em = nan
position_angle_ep = nan
postiion_angle_ref = "MV2020"
ellipticity = nan
ellipticity_em = nan
ellipticity_ep = nan
ellipticity_ref = "MV2020"
Mv = -3.9200010299682617
Mv_em = 0.4099999964237213
Mv_ep = 0.4099999964237213
mv = 14.699999809265137
mv_em = 0.20000000298023224
mv_ep = 0.20000000298023224
mv_ref = "MV2020"
rh = 6.0
rh_em = 0.5
rh_ep = 0.8999999761581421
rh_ref = "MV2020"
metallicity = -2.509999990463257
metallicity_em = 0.10999999940395355
metallicity_ep = 0.10999999940395355
metallicity_ref = "MV2020"
pmra_gsr = 0.1828498655780337
pmdec_gsr = -0.5444164589947666
radial_velocity_gsr = -131.6179230668696
theta_pm_gsr = -39.64
MV2020_references = "(232)(262)(266)(267)"
