ra = 173.23749999999998
ra_em = 0.0
ra_ep = 0.0
ra_ref = "MV2020"
dec = 0.5333333333333333
dec_em = 0.0
dec_ep = 0.0
dec_ref = "MV2020"
distance = 151.3561248436207
distance_em = 4.124874600348761
distance_ep = 4.240438316886468
distance_modulus = 20.9
distance_modulus_em = 0.06
distance_modulus_ep = 0.06
distance_ref = "Medina2018ApJ...855...43M"
pmra = -0.07999999821186066
pmra_em = 0.09000000357627869
pmra_ep = 0.09000000357627869
pmra_ref = "MV2020"
pmdec = -0.20999999344348907
pmdec_em = 0.07999999821186066
pmdec_ep = 0.07999999821186066
pmdec_ref = "MV2020"
radial_velocity = 132.3000030517578
radial_velocity_em = 1.399999976158142
radial_velocity_ep = 1.399999976158142
radial_velocity_ref = "MV2020"
sigma_v = 3.4
sigma_v_em = 0.9
sigma_v_ep = 1.3
sigma_v_ref = "Jenkins2021ApJ...920...92J"
position_angle = -29.0
position_angle_em = 27.0
position_angle_ep = 27.0
postiion_angle_ref = "MV2020"
ellipticity = 0.1899999976158142
ellipticity_em = 0.09000000357627869
ellipticity_ep = 0.09000000357627869
ellipticity_ref = "MV2020"
Mv = -4.9900007247924805
Mv_em = 0.3499999940395355
Mv_ep = 0.3499999940395355
mv = 15.949999809265137
mv_em = 0.25999999046325684
mv_ep = 0.25999999046325684
mv_ref = "MV2020"
rh = 2.609999895095825
rh_em = 0.3100000023841858
rh_ep = 0.3100000023841858
rh_ref = "MV2020"
metallicity = -2.5399999618530273
metallicity_em = 0.07000000029802322
metallicity_ep = 0.07000000029802322
metallicity_ref = "MV2020"
pmra_gsr = 0.07022998526332383
pmdec_gsr = 0.04361428342054953
radial_velocity_gsr = 6.541247417698227
theta_pm_gsr = -39.64
MV2020_references = "(32)(8)(101)(130)(179)(180)(255)(266)(267)"
