ra = 354.35
ra_em = 0.0
ra_ep = 0.0
ra_ref = "MV2020"
dec = -63.269999999999996
dec_em = 0.0
dec_ep = 0.0
dec_ref = "MV2020"
distance = 54.954087385762485
distance_em = 5.065638639761318
distance_ep = 5.580000089628875
distance_modulus = 18.7
distance_modulus_em = 0.21
distance_modulus_ep = 0.21
distance_ref = "Simon2020ApJ...892..137S"
pmra = -0.14000000059604645
pmra_em = 0.05000000074505806
pmra_ep = 0.05999999865889549
pmra_ref = "MV2020"
pmdec = -1.149999976158142
pmdec_em = 0.05999999865889549
pmdec_ep = 0.07999999821186066
pmdec_ref = "MV2020"
radial_velocity = -36.29999923706055
radial_velocity_em = 2.200000047683716
radial_velocity_ep = 2.5
radial_velocity_ref = "MV2020"
sigma_v = 1.2
sigma_v_em = 0.6
sigma_v_ep = 0.9
sigma_v_ref = "Hansen2024ApJ...968...21H"
position_angle = 29.0
position_angle_em = 11.0
position_angle_ep = 11.0
postiion_angle_ref = "MV2020"
ellipticity = 0.5099999904632568
ellipticity_em = 0.18000000715255737
ellipticity_ep = 0.09000000357627869
ellipticity_ref = "MV2020"
Mv = -1.6099987030029297
Mv_em = 0.8400000333786011
Mv_ep = 0.8400000333786011
mv = 17.100000381469727
mv_em = 0.5
mv_ep = 0.5
mv_ref = "MV2020"
r_h = 2.0999999046325684
r_h_em = 0.4000000059604645
r_h_ep = 0.6000000238418579
r_h_ref = "MV2020"
R_h = 1.469999947547912
R_h_em = 0.2800000068971089
R_h_ep = 0.42000002077647636
R_h_ref = "MV2020"
metallicity = -2.1700000762939453
metallicity_em = 0.23000000417232513
metallicity_ep = 0.23000000417232513
metallicity_ref = "MV2020"
pmra_gsr = -0.5631883177603262
pmdec_gsr = -0.40816643657472224
radial_velocity_gsr = -141.39777253166386
theta_pm_gsr = -39.64
MV2020_references = "(232)(262)(266)(267)"
