ra = 359.15000000000003
ra_em = 0.0
ra_ep = 0.0
ra_ref = "MV2020"
dec = -59.6
dec_em = 0.0
dec_ep = 0.0
dec_ref = "MV2020"
distance = 22.90867652767775
distance_em = 1.0310602881822284
distance_ep = 1.0796526625171978
distance_modulus = 16.8
distance_modulus_em = 0.1
distance_modulus_ep = 0.1
distance_ref = "MutluPakdil2018ApJ...863...25M"
pmra = -0.07999999821186066
pmra_em = 0.009999999776482582
pmra_ep = 0.009999999776482582
pmra_ref = "MV2020"
pmdec = -1.6200000047683716
pmdec_em = 0.019999999552965164
pmdec_ep = 0.019999999552965164
pmdec_ref = "MV2020"
radial_velocity = -102.30000305175781
radial_velocity_em = 2.4000000953674316
radial_velocity_ep = 2.4000000953674316
radial_velocity_ref = "MV2020"
sigma_v = 0.10000000149011612
sigma_v_em = 0.10000000149011612
sigma_v_ep = 0.699999988079071
sigma_v_ref = "MV2020"
position_angle = nan
position_angle_em = nan
position_angle_ep = nan
postiion_angle_ref = "MV2020"
ellipticity = nan
ellipticity_em = nan
ellipticity_ep = nan
ellipticity_ref = "MV2020"
Mv = -2.4099998474121094
Mv_em = 0.5600000023841858
Mv_ep = 0.5600000023841858
mv = 15.5
mv_em = 0.2
mv_ep = 0.2
mv_ref = "MutluPakdil2018ApJ...863...25M"
r_h = 6.0
r_h_em = 0.6000000238418579
r_h_ep = 0.800000011920929
r_h_ref = "MV2020"
R_h = nan
R_h_em = nan
R_h_ep = nan
R_h_ref = "MV2020"
metallicity = -2.4200000762939453
metallicity_em = 0.07999999821186066
metallicity_ep = 0.07000000029802322
metallicity_ref = "MV2020"
pmra_gsr = -1.1881683971121664
pmdec_gsr = 0.14107378757653746
radial_velocity_gsr = -199.70269818267434
theta_pm_gsr = -39.64
MV2020_references = "(232)(253)(266)(267)"
