ra = 15.039166666666667
ra_em = 0.0
ra_ep = 0.0
ra_ref = "MV2020"
dec = -33.70916666666667
dec_em = 0.0
dec_ep = 0.0
dec_ref = "MV2020"
distance = 83.94599865193982
distance_em = 1.5321871506395155
distance_ep = 1.5606726365285937
distance_modulus = 19.62
distance_modulus_em = 0.04
distance_modulus_ep = 0.04
distance_ref = "MartinezVazquez2015MNRAS.454.1509M"
pmra = 0.0989999994635582
pmra_em = 0.0020000000949949026
pmra_ep = 0.0020000000949949026
pmra_ref = "MV2020"
pmdec = -0.1599999964237213
pmdec_em = 0.0020000000949949026
pmdec_ep = 0.0020000000949949026
pmdec_ref = "MV2020"
radial_velocity = 111.4000015258789
radial_velocity_em = 0.10000000149011612
radial_velocity_ep = 0.10000000149011612
radial_velocity_ref = "MV2020"
sigma_v = 9.2
sigma_v_em = 1.1
sigma_v_ep = 1.1
sigma_v_ref = "Walker2009AJ....137.3100W"
position_angle = 94.0
position_angle_em = 1.0
position_angle_ep = 1.0
postiion_angle_ref = "MV2020"
ellipticity = 0.3700000047683716
ellipticity_em = 0.009999999776482582
ellipticity_ep = 0.009999999776482582
ellipticity_ref = "MV2020"
Mv = -10.819999694824219
Mv_em = 0.2800000011920929
Mv_ep = 0.2800000011920929
mv = 8.850000381469727
mv_em = 0.14000000059604645
mv_ep = 0.14000000059604645
mv_ref = "MV2020"
rh = 12.329999923706055
rh_em = 0.05000000074505806
rh_ep = 0.05000000074505806
rh_ref = "MV2020"
metallicity = -1.6799999475479126
metallicity_em = 0.009999999776482582
metallicity_ep = 0.009999999776482582
metallicity_ref = "MV2020"
pmra_gsr = -0.2714380690825899
pmdec_gsr = 0.3271210825707711
radial_velocity_gsr = 76.19995724520363
theta_pm_gsr = -39.64
MV2020_references = "(25)(26)(100)(136)(137)(130)(187)(180)(255)(266)(267)"
