ra = 132.875
ra_em = 0.0
ra_ep = 0.0
ra_ref = "MV2020"
dec = 63.13
dec_em = 0.0
dec_ep = 0.0
dec_ref = "MV2020"
distance = 34.673685045253166
distance_em = 2.0149018280195676
distance_ep = 2.1392123189999666
distance_modulus = 17.7
distance_modulus_em = 0.13
distance_modulus_ep = 0.13
distance_ref = "DallOra2012ApJ...752...42D"
pmra = 1.7200000286102295
pmra_em = 0.019999999552965164
pmra_ep = 0.019999999552965164
pmra_ref = "MV2020"
pmdec = -1.8899999856948853
pmdec_em = 0.029999999329447746
pmdec_ep = 0.029999999329447746
pmdec_ref = "MV2020"
radial_velocity = -116.5
radial_velocity_em = 1.899999976158142
radial_velocity_ep = 1.899999976158142
radial_velocity_ref = "MV2020"
sigma_v = 6.699999809265137
sigma_v_em = 1.399999976158142
sigma_v_ep = 1.399999976158142
sigma_v_ref = "MV2020"
position_angle = -77.0
position_angle_em = 2.0
position_angle_ep = 2.0
postiion_angle_ref = "MV2020"
ellipticity = 0.5600000023841858
ellipticity_em = 0.029999999329447746
ellipticity_ep = 0.029999999329447746
ellipticity_ref = "MV2020"
Mv = -4.25
Mv_em = 0.5600000023841858
Mv_ep = 0.5600000023841858
mv = 13.25
mv_em = 0.25999999046325684
mv_ep = 0.25999999046325684
mv_ref = "MV2020"
r_h = 13.949999809265137
r_h_em = 0.46000000834465027
r_h_ep = 0.46000000834465027
r_h_ref = "MV2020"
R_h = 9.25338301350216
R_h_em = 0.30512948542122365
R_h_ep = 0.30512948542122365
R_h_ref = "MV2020"
metallicity = -2.4700000286102295
metallicity_em = 0.05999999865889549
metallicity_ep = 0.05999999865889549
metallicity_ref = "MV2020"
pmra_gsr = 1.7175322370486752
pmdec_gsr = -0.48702332335664084
radial_velocity_gsr = -30.67057069044132
theta_pm_gsr = -39.64
MV2020_references = "(7)(8)(98)(130)(179)(180)(255)(266)(267)"
