ra = 36.42666666666666
ra_em = 0.0
ra_ep = 0.0
ra_ref = "MV2020"
dec = 3.0694722222222226
dec_em = 0.0
dec_ep = 0.0
dec_ref = "MV2020"
distance = 23.768393680208213
distance_em = 0.541034701547499
distance_ep = 0.6659023882414132
distance_modulus = 16.8799991607666
distance_modulus_em = 0.05000000074505806
distance_modulus_ep = 0.05999999865889549
distance_ref = "MV2020"
pmra = 1.0700000524520874
pmra_em = 0.5600000023841858
pmra_ep = 0.5799999833106995
pmra_ref = "MV2020"
pmdec = -0.20999999344348907
pmdec_em = 1.2100000381469727
pmdec_ep = 0.47999998927116394
pmdec_ref = "MV2020"
radial_velocity = nan
radial_velocity_em = nan
radial_velocity_ep = nan
radial_velocity_ref = "MV2020"
sigma_v = nan
sigma_v_em = nan
sigma_v_ep = nan
sigma_v_ref = "MV2020"
position_angle = 31.25
position_angle_em = 13.390000343322754
position_angle_ep = 11.479999542236328
postiion_angle_ref = "MV2020"
ellipticity = 0.6100000143051147
ellipticity_em = 0.23000000417232513
ellipticity_ep = 0.14000000059604645
ellipticity_ref = "MV2020"
Mv = -1.0999994277954102
Mv_em = 0.36000001430511475
Mv_ep = 0.550000011920929
mv = 15.779999732971191
mv_em = 0.30000001192092896
mv_ep = 0.5
mv_ref = "MV2020"
rh = 2.680000066757202
rh_em = 0.699999988079071
rh_ep = 1.3300000429153442
rh_ref = "MV2020"
metallicity = -1.2599999904632568
metallicity_em = 0.029999999329447746
metallicity_ep = 0.029999999329447746
metallicity_ref = "MV2020"
pmra_gsr = nan
pmdec_gsr = nan
radial_velocity_gsr = nan
theta_pm_gsr = -39.64
MV2020_references = "(257)(266)(267)"
