ra = 209.5
ra_em = 0.0
ra_ep = 0.0
ra_ref = "MV2020"
dec = 12.85
dec_em = 0.0
dec_ep = 0.0
dec_ref = "MV2020"
distance = 41.68694567031628
distance_em = 1.1360849767307073
distance_ep = 1.167913871414406
distance_modulus = 18.100000381469727
distance_modulus_em = 0.05999999865889549
distance_modulus_ep = 0.05999999865889549
distance_ref = "MV2020"
pmra = -2.3299999237060547
pmra_em = 0.07999999821186066
pmra_ep = 0.09000000357627869
pmra_ref = "MV2020"
pmdec = -0.4099999964237213
pmdec_em = 0.05999999865889549
pmdec_ep = 0.05999999865889549
pmdec_ref = "MV2020"
radial_velocity = -117.0
radial_velocity_em = 5.199999809265137
radial_velocity_ep = 5.199999809265137
radial_velocity_ref = "MV2020"
sigma_v = 2.9
sigma_v_em = 1.2
sigma_v_ep = 1.6
sigma_v_ref = "Bruce2023ApJ...950..167B"
position_angle = -70.0
position_angle_em = 27.0
position_angle_ep = 27.0
postiion_angle_ref = "MV2020"
ellipticity = 0.23999999463558197
ellipticity_em = 0.11999999731779099
ellipticity_ep = 0.11999999731779099
ellipticity_ref = "MV2020"
Mv = -2.940000534057617
Mv_em = 0.800000011920929
Mv_ep = 0.800000011920929
mv = 15.16
mv_em = 0.25
mv_ep = 0.25
mv_ref = "Munoz2018ApJ...860...66M"
r_h = 3.049999952316284
r_h_em = 0.44999998807907104
r_h_ep = 0.44999998807907104
r_h_ref = "MV2020"
R_h = 2.6589283233740604
R_h_em = 0.3923008959107528
R_h_ep = 0.3923008959107528
R_h_ref = "MV2020"
metallicity = -1.7899999618530273
metallicity_em = 0.05000000074505806
metallicity_ep = 0.05000000074505806
metallicity_ref = "MV2020"
pmra_gsr = -1.5087302654586183
pmdec_gsr = 0.5258405454413828
radial_velocity_gsr = -114.82204645422381
theta_pm_gsr = -39.64
MV2020_references = "(9)(10)(98)(130)(255)(266)(267)"
