ra = 238.19833333333332
ra_em = 0.0
ra_ep = 0.0
ra_ref = "MV2020"
dec = 64.56527777777778
dec_em = 0.0
dec_ep = 0.0
dec_ref = "MV2020"
distance = 21.577444849642863
distance_em = 0.4911626166855818
distance_ep = 0.5026032638970364
distance_modulus = 16.670000076293945
distance_modulus_em = 0.05000000074505806
distance_modulus_ep = 0.05000000074505806
distance_ref = "MV2020"
pmra = 1.0800000429153442
pmra_em = 0.07000000029802322
pmra_ep = 0.07000000029802322
pmra_ref = "MV2020"
pmdec = 0.9100000262260437
pmdec_em = 0.07999999821186066
pmdec_ep = 0.07999999821186066
pmdec_ref = "MV2020"
radial_velocity = -342.5
radial_velocity_em = 1.2000000476837158
radial_velocity_ep = 1.100000023841858
radial_velocity_ref = "MV2020"
sigma_v = nan
sigma_v_em = nan
sigma_v_ep = nan
sigma_v_ref = "MV2020"
position_angle = 76.0
position_angle_em = 32.0
position_angle_ep = 22.0
postiion_angle_ref = "MV2020"
ellipticity = 0.23000000417232513
ellipticity_em = 0.15000000596046448
ellipticity_ep = 0.15000000596046448
ellipticity_ref = "MV2020"
Mv = -2.6700000762939453
Mv_em = 0.8500000238418579
Mv_ep = 0.8500000238418579
mv = 14.0
mv_em = 0.800000011920929
mv_ep = 0.800000011920929
mv_ref = "MV2020"
rh = 3.0
rh_em = 0.5
rh_ep = 0.699999988079071
rh_ref = "MV2020"
metallicity = -2.700000047683716
metallicity_em = 0.10000000149011612
metallicity_ep = 0.10000000149011612
metallicity_ref = "MV2020"
pmra_gsr = 2.654880928795952
pmdec_gsr = 1.2831081199707244
radial_velocity_gsr = -160.4567805181497
theta_pm_gsr = -39.64
MV2020_references = "(225)(259)(266)(267)"
