ra = 143.7225
ra_em = 0.0
ra_ep = 0.0
ra_ref = "MV2020"
dec = 17.05138888888889
dec_em = 0.0
dec_ep = 0.0
dec_ref = "MV2020"
distance = 413.04750199016104
distance_em = 14.94033143666411
distance_ep = 15.501018407278139
distance_modulus = 23.08
distance_modulus_em = 0.08
distance_modulus_ep = 0.08
distance_ref = "Higgs2021MNRAS.503..176H"
pmra = 0.18000000715255737
pmra_em = 0.28999999165534973
pmra_ep = 0.2800000011920929
pmra_ref = "MV2020"
pmdec = -0.07999999821186066
pmdec_em = 0.1599999964237213
pmdec_ep = 0.17000000178813934
pmdec_ref = "MV2020"
radial_velocity = 38.099998474121094
radial_velocity_em = 2.0
radial_velocity_ep = 2.0
radial_velocity_ref = "MV2020"
sigma_v = 7.5
sigma_v_em = 1.600000023841858
sigma_v_ep = 1.600000023841858
sigma_v_ref = "MV2020"
position_angle = -107.0
position_angle_em = 16.0
position_angle_ep = 16.0
postiion_angle_ref = "MV2020"
ellipticity = 0.23000000417232513
ellipticity_em = 0.09000000357627869
ellipticity_ep = 0.09000000357627869
ellipticity_ref = "MV2020"
Mv = -7.600000381469727
Mv_em = 0.24000000953674316
Mv_ep = 0.24000000953674316
mv = 15.5
mv_em = 0.14000000059604645
mv_ep = 0.14000000059604645
mv_ref = "MV2020"
rh = 1.25
rh_em = 0.14000000059604645
rh_ep = 0.14000000059604645
rh_ref = "MV2020"
metallicity = -1.74
metallicity_em = 0.04
metallicity_ep = 0.04
metallicity_ref = "Kirby2013ApJ...779..102K"
pmra_gsr = 0.19583965291395453
pmdec_gsr = 0.03283490728839647
radial_velocity_gsr = -65.68837828518429
theta_pm_gsr = -39.64
MV2020_references = "(70)(8)(111)(153)(179)(180)(255)(266)(267)"
