ra = 56.08791666666667
ra_em = 0.0
ra_ep = 0.0
ra_ref = "MV2020"
dec = -43.53333333333333
dec_em = 0.0
dec_ep = 0.0
dec_ref = "MV2020"
distance = 369.8281797802659
distance_em = 8.418317140652732
distance_ep = 8.614404936827668
distance_modulus = 22.84
distance_modulus_em = 0.05
distance_modulus_ep = 0.05
distance_ref = "MartinezVazquez2021MNRAS.508.1064M"
pmra = 0.20999999344348907
pmra_em = 0.09000000357627869
pmra_ep = 0.09000000357627869
pmra_ref = "MV2020"
pmdec = -0.05000000074505806
pmdec_em = 0.10999999940395355
pmdec_ep = 0.10999999940395355
pmdec_ref = "MV2020"
radial_velocity = 75.5999984741211
radial_velocity_em = 3.299999952316284
radial_velocity_ep = 3.299999952316284
radial_velocity_ref = "MV2020"
sigma_v = 6.900000095367432
sigma_v_em = 0.8999999761581421
sigma_v_ep = 1.2000000476837158
sigma_v_ref = "MV2020"
position_angle = 82.0
position_angle_em = 7.0
position_angle_ep = 7.0
postiion_angle_ref = "MV2020"
ellipticity = 0.3700000047683716
ellipticity_em = 0.05999999865889549
ellipticity_ep = 0.05999999865889549
ellipticity_ref = "MV2020"
Mv = -7.210000038146973
Mv_em = 0.2900000214576721
Mv_ep = 0.2900000214576721
mv = 15.6899995803833
mv_em = 0.09000000357627869
mv_ep = 0.09000000357627869
mv_ref = "MV2020"
r_h = 1.809999942779541
r_h_em = 0.17000000178813934
r_h_ep = 0.17000000178813934
r_h_ref = "MV2020"
R_h = 1.4366429110538785
R_h_em = 0.13493331777294112
R_h_ep = 0.13493331777294112
R_h_ref = "MV2020"
metallicity = -2.380000114440918
metallicity_em = 0.12999999523162842
metallicity_ep = 0.12999999523162842
metallicity_ref = "MV2020"
pmra_gsr = 0.11725833118873188
pmdec_gsr = 0.009926836580308974
radial_velocity_gsr = -76.2967058686828
theta_pm_gsr = -39.64
MV2020_references = "(226)(227)(250)(255)(266)(267)"
