ra = 39.99708333333333
ra_em = 0.0
ra_ep = 0.0
ra_ref = "MV2020"
dec = -34.44916666666666
dec_em = 0.0
dec_ep = 0.0
dec_ref = "MV2020"
distance = 142.56075936021878
distance_em = 3.1167054730726704
distance_ep = 3.1863667654340304
distance_modulus = 20.77
distance_modulus_em = 0.048
distance_modulus_ep = 0.048
distance_ref = "Oakes2022ApJ...929..116O"
pmra = 0.38199999928474426
pmra_em = 0.0010000000474974513
pmra_ep = 0.0010000000474974513
pmra_ref = "MV2020"
pmdec = -0.35899999737739563
pmdec_em = 0.0020000000949949026
pmdec_ep = 0.0020000000949949026
pmdec_ref = "MV2020"
radial_velocity = 55.29999923706055
radial_velocity_em = 0.10000000149011612
radial_velocity_ep = 0.10000000149011612
radial_velocity_ref = "MV2020"
sigma_v = 12.1
sigma_v_em = 0.2
sigma_v_ep = 0.2
sigma_v_ref = "Walker2009AJ....137.3100W"
position_angle = 46.0
position_angle_em = 1.0
position_angle_ep = 1.0
postiion_angle_ref = "MV2020"
ellipticity = 0.2800000011920929
ellipticity_em = 0.009999999776482582
ellipticity_ep = 0.009999999776482582
ellipticity_ref = "MV2020"
Mv = -13.460000038146973
Mv_em = 0.3199999928474426
Mv_ep = 0.3199999928474426
mv = 7.380000114440918
mv_em = 0.14000000059604645
mv_ep = 0.14000000059604645
mv_ref = "MV2020"
rh = 18.399999618530273
rh_em = 0.20000000298023224
rh_ep = 0.20000000298023224
rh_ref = "MV2020"
metallicity = -0.9900000095367432
metallicity_em = 0.009999999776482582
metallicity_ep = 0.009999999776482582
metallicity_ref = "MV2020"
pmra_gsr = 0.13535186659074788
pmdec_gsr = -0.13104365645066912
radial_velocity_gsr = -39.72318644054296
theta_pm_gsr = -39.64
MV2020_references = "(29)(26)(100)(136)(138)(130)(180)(255)(266)(267)"
