ra = 189.58499999999998
ra_em = 0.0
ra_ep = 0.0
ra_ref = "MV2020"
dec = -40.902
dec_em = 0.0
dec_ep = 0.0
dec_ref = "MV2020"
distance = 117.70637907805694
distance_em = 3.7338986760820774
distance_ep = 3.8562264456809174
distance_modulus = 20.354
distance_modulus_em = 0.07
distance_modulus_ep = 0.07
distance_ref = "MartinezVazquez2021AJ....162..253M"
pmra = -0.14000000059604645
pmra_em = 0.05000000074505806
pmra_ep = 0.05000000074505806
pmra_ref = "MV2020"
pmdec = -0.20000000298023224
pmdec_em = 0.03999999910593033
pmdec_ep = 0.03999999910593033
pmdec_ref = "MV2020"
radial_velocity = nan
radial_velocity_em = nan
radial_velocity_ep = nan
radial_velocity_ref = "MV2020"
sigma_v = 4.2
sigma_v_em = 0.5
sigma_v_ep = 0.6
sigma_v_ref = "Heiger2024ApJ...961..234H"
position_angle = 20.0
position_angle_em = 11.0
position_angle_ep = 11.0
postiion_angle_ref = "MV2020"
ellipticity = 0.4000000059604645
ellipticity_em = 0.10000000149011612
ellipticity_ep = 0.10000000149011612
ellipticity_ref = "MV2020"
Mv = -5.550000190734863
Mv_em = 0.21000000834465027
Mv_ep = 0.21000000834465027
mv = 14.779999732971191
mv_em = 0.10999999940395355
mv_ep = 0.10999999940395355
mv_ref = "MV2020"
rh = 2.880000114440918
rh_em = 0.4000000059604645
rh_ep = 0.5
rh_ref = "MV2020"
metallicity = -2.57
metallicity_em = 0.08
metallicity_ep = 0.08
metallicity_ref = "Heiger2024ApJ...961..234H"
pmra_gsr = nan
pmdec_gsr = nan
radial_velocity_gsr = nan
theta_pm_gsr = -39.64
MV2020_references = "(256)(266)(267)"
