ra = 338.48125
ra_em = 0.0
ra_ep = 0.0
ra_ref = "MV2020"
dec = -9.3275
dec_em = 0.0
dec_ep = 0.0
dec_ref = "MV2020"
distance = 107.64651379873594
distance_em = 3.414778198004285
distance_ep = 3.5266511326180563
distance_modulus = 20.15999984741211
distance_modulus_em = 0.07000000029802322
distance_modulus_ep = 0.07000000029802322
distance_ref = "MV2020"
pmra = -0.17000000178813934
pmra_em = 0.10000000149011612
pmra_ep = 0.10000000149011612
pmra_ref = "MV2020"
pmdec = -0.4300000071525574
pmdec_em = 0.07999999821186066
pmdec_ep = 0.07999999821186066
pmdec_ref = "MV2020"
radial_velocity = -71.0999984741211
radial_velocity_em = 2.5
radial_velocity_ep = 2.5
radial_velocity_ref = "MV2020"
sigma_v = 5.400000095367432
sigma_v_em = 0.8999999761581421
sigma_v_ep = 3.4000000953674316
sigma_v_ref = "MV2020"
position_angle = 121.0
position_angle_em = 9.0
position_angle_ep = 9.0
postiion_angle_ref = "MV2020"
ellipticity = 0.38999998569488525
ellipticity_em = 0.09000000357627869
ellipticity_ep = 0.09000000357627869
ellipticity_ref = "MV2020"
Mv = -4.359999656677246
Mv_em = 0.21000000834465027
Mv_ep = 0.21000000834465027
mv = 15.800000190734863
mv_em = 0.14000000059604645
mv_ep = 0.14000000059604645
mv_ref = "MV2020"
rh = 5.099999904632568
rh_em = 0.800000011920929
rh_ep = 0.800000011920929
rh_ref = "MV2020"
metallicity = -2.57
metallicity_em = 0.17
metallicity_ep = 0.17
metallicity_ref = "Bruce2023ApJ...950..167B"
pmra_gsr = -0.3106501047750355
pmdec_gsr = -0.03253585547954684
radial_velocity_gsr = 48.30412364362636
theta_pm_gsr = -39.64
MV2020_references = "(238)(266)(267)"
