ra = 336.09416666666664
ra_em = 0.0
ra_ep = 0.0
ra_ref = "MV2020"
dec = 5.42
dec_em = 0.0
dec_ep = 0.0
dec_ref = "MV2020"
distance = 214.7830474130533
distance_em = 11.547346319431227
distance_ep = 12.203437775328808
distance_modulus = 21.66
distance_modulus_em = 0.12
distance_modulus_ep = 0.12
distance_ref = "Kim2016ApJ...833...16K"
pmra = 0.05999999865889549
pmra_em = 0.10000000149011612
pmra_ep = 0.10000000149011612
pmra_ref = "MV2020"
pmdec = -0.20000000298023224
pmdec_em = 0.10000000149011612
pmdec_ep = 0.10000000149011612
pmdec_ref = "MV2020"
radial_velocity = -222.89999389648438
radial_velocity_em = 2.5999999046325684
radial_velocity_ep = 2.5999999046325684
radial_velocity_ref = "MV2020"
sigma_v = 5.400000095367432
sigma_v_em = 2.5
sigma_v_ep = 3.0
sigma_v_ref = "MV2020"
position_angle = 133.0
position_angle_em = 17.0
position_angle_ep = 17.0
postiion_angle_ref = "MV2020"
ellipticity = 0.46000000834465027
ellipticity_em = 0.25999999046325684
ellipticity_ep = 0.18000000715255737
ellipticity_ref = "MV2020"
Mv = -4.059999465942383
Mv_em = 0.699999988079071
Mv_ep = 0.699999988079071
mv = 17.49
mv_em = 0.22
mv_ep = 0.19
mv_ref = "Richstein2022ApJ...933..217R"
r_h = 1.2999999523162842
r_h_em = 0.4000000059604645
r_h_ep = 0.5
r_h_ref = "MV2020"
R_h = 0.9553009572640478
R_h_em = 0.29393877124288414
R_h_ep = 0.367423458578569
R_h_ref = "MV2020"
metallicity = -2.55
metallicity_em = 0.15
metallicity_ep = 0.15
metallicity_ref = "Kim2016ApJ...833...16K"
pmra_gsr = -0.004266233123234896
pmdec_gsr = -0.03747659228195431
radial_velocity_gsr = -52.952737183808395
theta_pm_gsr = -39.64
MV2020_references = "(229)(249)(266)(267)"
