ra = 100.40291666666667
ra_em = 0.0
ra_ep = 0.0
ra_ref = "MV2020"
dec = -50.96611111111111
dec_em = 0.0
dec_ep = 0.0
dec_ref = "MV2020"
distance = 105.58445924300804
distance_em = 5.261577185208139
distance_ep = 5.537528133865393
distance_modulus = 20.118
distance_modulus_em = 0.111
distance_modulus_ep = 0.111
distance_ref = "Karczmarek2015AJ....150...90K"
pmra = 0.5299999713897705
pmra_em = 0.009999999776482582
pmra_ep = 0.009999999776482582
pmra_ref = "MV2020"
pmdec = 0.11999999731779099
pmdec_em = 0.009999999776482582
pmdec_ep = 0.009999999776482582
pmdec_ref = "MV2020"
radial_velocity = 222.89999389648438
radial_velocity_em = 0.10000000149011612
radial_velocity_ep = 0.10000000149011612
radial_velocity_ref = "MV2020"
sigma_v = 6.599999904632568
sigma_v_em = 1.2000000476837158
sigma_v_ep = 1.2000000476837158
sigma_v_ref = "MV2020"
position_angle = 60.0
position_angle_em = 1.0
position_angle_ep = 1.0
postiion_angle_ref = "MV2020"
ellipticity = 0.3700000047683716
ellipticity_em = 0.009999999776482582
ellipticity_ep = 0.009999999776482582
ellipticity_ref = "MV2020"
Mv = -9.430000305175781
Mv_em = 0.17999999225139618
Mv_ep = 0.17999999225139618
mv = 10.680000305175781
mv_em = 0.05000000074505806
mv_ep = 0.05000000074505806
mv_ref = "MV2020"
r_h = 11.430000305175781
r_h_em = 0.11999999731779099
r_h_ep = 0.11999999731779099
r_h_ref = "MV2020"
R_h = 9.072281453532907
R_h_em = 0.09524704470893286
R_h_ep = 0.09524704470893286
R_h_ref = "MV2020"
metallicity = -1.7200000286102295
metallicity_em = 0.009999999776482582
metallicity_ep = 0.009999999776482582
metallicity_ref = "MV2020"
pmra_gsr = 0.3502708600862107
pmdec_gsr = 0.12927344847359978
radial_velocity_gsr = -6.081030798967758
theta_pm_gsr = -39.64
MV2020_references = "(29)(26)(100)(136)(130)(190)(255)(266)(267)"
