ra = 168.36999999999998
ra_em = 0.0
ra_ep = 0.0
ra_ref = "MV2020"
dec = 22.151666666666664
dec_em = 0.0
dec_ep = 0.0
dec_ref = "MV2020"
distance = 233.3458226251521
distance_em = 13.55981941982526
distance_ep = 14.396400002832138
distance_modulus = 21.84000015258789
distance_modulus_em = 0.12999999523162842
distance_modulus_ep = 0.12999999523162842
distance_ref = "MV2020"
pmra = -0.14000000059604645
pmra_em = 0.019999999552965164
pmra_ep = 0.019999999552965164
pmra_ref = "MV2020"
pmdec = -0.11999999731779099
pmdec_em = 0.019999999552965164
pmdec_ep = 0.019999999552965164
pmdec_ref = "MV2020"
radial_velocity = 78.0
radial_velocity_em = 0.10000000149011612
radial_velocity_ep = 0.10000000149011612
radial_velocity_ref = "MV2020"
sigma_v = 7.4
sigma_v_em = 0.4
sigma_v_ep = 0.4
sigma_v_ref = "Spencer2017ApJ...836..202S"
position_angle = 43.0
position_angle_em = 8.0
position_angle_ep = 8.0
postiion_angle_ref = "MV2020"
ellipticity = 0.07000000029802322
ellipticity_em = 0.019999999552965164
ellipticity_ep = 0.019999999552965164
ellipticity_ref = "MV2020"
Mv = -9.739999771118164
Mv_em = 0.16999998688697815
Mv_ep = 0.16999998688697815
mv = 12.100000381469727
mv_em = 0.03999999910593033
mv_ep = 0.03999999910593033
mv_ref = "MV2020"
r_h = 2.4800000190734863
r_h_em = 0.029999999329447746
r_h_ep = 0.029999999329447746
r_h_ref = "MV2020"
R_h = 2.3916254067368525
R_h_em = 0.028930951631686155
R_h_ep = 0.028930951631686155
R_h_ref = "MV2020"
metallicity = -1.6200000047683716
metallicity_em = 0.009999999776482582
metallicity_ep = 0.009999999776482582
metallicity_ref = "MV2020"
pmra_gsr = -0.05268327535860054
pmdec_gsr = 0.07777793225626313
radial_velocity_gsr = 20.082953240172472
theta_pm_gsr = -39.64
MV2020_references = "(37)(22)(100)(130)(180)(255)(266)(267)"
