ra = 186.74583333333334
ra_em = 0.0
ra_ep = 0.0
ra_ref = "MV2020"
dec = 23.904166666666665
dec_em = 0.0
dec_ep = 0.0
dec_ref = "MV2020"
distance = 42.26686142656024
distance_em = 1.5288336461489394
distance_ep = 1.5862083509382714
distance_modulus = 18.13
distance_modulus_em = 0.08
distance_modulus_ep = 0.08
distance_ref = "Musella2009ApJ...695L..83M"
pmra = 0.4099999964237213
pmra_em = 0.019999999552965164
pmra_ep = 0.019999999552965164
pmra_ref = "MV2020"
pmdec = -1.7100000381469727
pmdec_em = 0.019999999552965164
pmdec_ep = 0.019999999552965164
pmdec_ref = "MV2020"
radial_velocity = 98.0999984741211
radial_velocity_em = 0.8999999761581421
radial_velocity_ep = 0.8999999761581421
radial_velocity_ref = "MV2020"
sigma_v = 4.599999904632568
sigma_v_em = 0.800000011920929
sigma_v_ep = 0.800000011920929
sigma_v_ref = "MV2020"
position_angle = -58.0
position_angle_em = 4.0
position_angle_ep = 4.0
postiion_angle_ref = "MV2020"
ellipticity = 0.3700000047683716
ellipticity_em = 0.05000000074505806
ellipticity_ep = 0.05000000074505806
ellipticity_ref = "MV2020"
Mv = -4.380001068115234
Mv_em = 0.44999998807907104
Mv_ep = 0.44999998807907104
mv = 13.819999694824219
mv_em = 0.25
mv_ep = 0.25
mv_ref = "MV2020"
rh = 5.630000114440918
rh_em = 0.30000001192092896
rh_ep = 0.30000001192092896
rh_ref = "MV2020"
metallicity = -2.5999999046325684
metallicity_em = 0.05000000074505806
metallicity_ep = 0.05000000074505806
metallicity_ref = "MV2020"
pmra_gsr = 1.0816646393672331
pmdec_gsr = -0.6854001486487411
radial_velocity_gsr = 81.08401272356235
theta_pm_gsr = -39.64
MV2020_references = "(5)(8)(98)(130)(179)(180)(255)(266)(267)"
