ra = 298.16875
ra_em = 0.0
ra_ep = 0.0
ra_ref = "MV2020"
dec = -22.068055555555556
dec_em = 0.0
dec_ep = 0.0
dec_ref = "MV2020"
distance = 73.11389807301309
distance_em = 0.6703122317241679
distance_ep = 1.017115615914264
distance_modulus = 19.31999969482422
distance_modulus_em = 0.019999999552965164
distance_modulus_ep = 0.029999999329447746
distance_ref = "MV2020"
pmra = -0.7699999809265137
pmra_em = 0.029999999329447746
pmra_ep = 0.029999999329447746
pmra_ref = "MV2020"
pmdec = -0.8899999856948853
pmdec_em = 0.019999999552965164
pmdec_ep = 0.019999999552965164
pmdec_ref = "MV2020"
radial_velocity = -177.3000030517578
radial_velocity_em = 1.2000000476837158
radial_velocity_ep = 1.2000000476837158
radial_velocity_ref = "MV2020"
sigma_v = 2.700000047683716
sigma_v_em = 1.0
sigma_v_ep = 1.2999999523162842
sigma_v_ref = "MV2020"
position_angle = 103.0
position_angle_em = 17.0
position_angle_ep = 28.0
postiion_angle_ref = "MV2020"
ellipticity = 0.05999999865889549
ellipticity_em = 0.05999999865889549
ellipticity_ep = 0.05999999865889549
ellipticity_ref = "MV2020"
Mv = -5.420000076293945
Mv_em = 0.4300000071525574
Mv_ep = 0.42000001668930054
mv = 13.899999618530273
mv_em = 0.4000000059604645
mv_ep = 0.4000000059604645
mv_ref = "MV2020"
rh = 1.7000000476837158
rh_em = 0.05000000074505806
rh_ep = 0.05000000074505806
rh_ref = "MV2020"
metallicity = -2.2799999713897705
metallicity_em = 0.029999999329447746
metallicity_ep = 0.029999999329447746
metallicity_ref = "MV2020"
pmra_gsr = -0.6466094447752619
pmdec_gsr = -0.23169872269527061
radial_velocity_gsr = -95.69871855093194
theta_pm_gsr = -39.64
MV2020_references = "(225)(251)(266)(267)"
