r_J = 25.779321128315456
r_J_kpc = 0.39544699187220733
peri = 11.397862606245099
r_break = 25
r_break_kpc = 0.3385837618114117
peri_required = 10.38330142911976
rho_mean_host_peri = 0.0022241410471438364
rho_mean_host_required = 0.002691483366269888
