pericentre = 13.216077776639612
apocentre = nan
pericentres = [13.216077776639612, 11.397862606245099, 11.567432492015513]
apocentres = [114.29209064969308, 113.95013878279423]
period = 1.508431640625
idx_peris = [18, 50, 82]
idx_apos = [34, 66]
t_peris = [170.068359375, 489.990234375, 809.912109375]
t_apos = [330.029296875, 649.951171875]
idx_f = 21
idx_peri = 18
t_last_peri = 0.1408974609375
t_f_gyr = 0.9427697753906249
ra_f = 208.19883859546417
dec_f = 26.352497758949347
distance_f = 52.73399607998645
pmra_f = -1.0948081456514207
pmdec_f = -0.8550892818104718
radial_velocity_f = -0.8550892818104718
theta0 = -106.28449262666835
chi2_best = 2.145116569463202
chi2_best_interp = 0.2899865282988381
