ra = 43.8755
ra_err = 0.0
ra_ref = "Richstein2024ApJ...967...72R"
dec = -54.1174
dec_err = 0.0
dec_ref = "Richstein2024ApJ...967...72R"
distance = 79.43282347242821
distance_err = 3.743553637838872
distance_ref = "Koposov2015ApJ...805..130K"
pmra = 0.847
pmra_err = 0.035
pmra_ref = "Pace2022ApJ...940..136P"
pmdec = -0.607
pmdec_err = 0.035
pmdec_ref = "Pace2022ApJ...940..136P"
radial_velocity = 112.8
radial_velocity_err = 2.6
radial_velocity_ref = "Koposov2015ApJ...811...62K"
sigma_v = 4.9
sigma_v_err = 2.8
sigma_v_ref = "Koposov2015ApJ...811...62K"
PA = 44.0
PA_err = 6.0
PA_ref = "Richstein2024ApJ...967...72R"
ellipticity = 0.27
ellipticity_err = 0.05
ellipticity_ref = "Richstein2024ApJ...967...72R"
Mv = -3.379999999999999
Mv_err = 0.09
pmra_gsr = 0.40376791497606146
pmdec_gsr = -0.33098623929169496
radial_velocity_gsr = -35.149851349935616
theta_pm_gsr = -39.64
