r_h = nan
r_h_err = nan
chi2_sersic = nan
M_sersic = nan
M_sersic_err = nan
n_sersic = nan
n_sersic_err = nan
r_s_exp = 13.313990751116911
r_s_exp_err = 0.7762352649485619
chi2_exp = 85.35639408006908
M_exp = 117.97479247795573
M_exp_err = 24.529689214375633
r_s_king = 0.5328014319249677
r_s_king_err = 0.4362314292143286
c_king = 3.197274549364106e9
c_king_err = 1.3809671593646902e16
chi2_king = 1.3809671593646902e16
M_king = 115.95259805202058
M_king_err = 2.4567581644495655e7
