position_err = nan
ellipticity = 0.8600000143051147
ellipticity_err = 0.1899999976158142
position_angle = 130.0
position_angle_err = 16.0
bins = [44.7741474365167]
