r_h = 1.121133525815867
r_h_err = 3.6943418218179145e6
chi2_sersic = -1.8821070642697032e-29
M_sersic = 50.99479622995228
M_sersic_err = 1.9699783139691997e9
n_sersic = 1.1351327186512892
n_sersic_err = 5.931641601515722e6
