break_radius_arcmin = 289.0736769711593
break_radius_kpc = 5.222101457113938
