log_Sigma = -2.1808552173207114
log_Sigma_err = 0.04526003582531457
log_R_bg = [1.4016641737224642, 1.451664173722464, 1.501664173722464, 1.5516641737224641, 1.601664173722464, 1.6516641737224642, 1.701664173722464, 1.751664173722464, 1.8016641737224641, 1.8516641737224642, 1.901664173722464]
n_points_bg = 11
n_points_skip = 0
