r_h = 4.404047015587425
r_h_err = 0.6608121056419128
chi2_sersic = 0.9463772032956372
M_sersic = 49.29253955356777
M_sersic_err = 11.240863206182993
n_sersic = 1.3361734146319386
n_sersic_err = 0.28461361928113965
r_s_exp = 3.1383653372310203
r_s_exp_err = 0.15137081785813236
chi2_exp = 1.2861827295940438
M_exp = 65.40795966899529
M_exp_err = 12.090483755398871
r_s_king = 2.265600957716366
r_s_king_err = 0.6561736188501315
c_king = 13.410946293816908
c_king_err = 4.427282609428002
chi2_king = 4.427282609428002
M_king = 56.93070539229384
M_king_err = 29.868330746597255
