pericentre = 13.756037713941808
apocentre = 111.92327085311496
pericentres = [13.276809041132669, 11.763252966722256, 12.653982945948107, 12.7562812042815, 11.429189523926368, 13.756037713941808, 11.23299853494688]
apocentres = [113.72258780524064, 112.79021320186625, 112.26515101832811, 112.06515733046412, 111.92327085311496, 111.98104634931569]
period = 316.38139204545456
idx_peris = [18, 50, 82, 113, 145, 176, 208]
idx_apos = [34, 66, 98, 129, 161, 192]
t_peris = [170.0244140625, 489.8876953125, 810.009765625, 1120.0390625, 1439.90234375, 1749.931640625, 2070.0537109375]
t_apos = [329.9560546875, 650.078125, 969.94140625, 1279.970703125, 1600.0927734375, 1910.1220703125]
idx_f = 180
idx_peri = 176
t_last_peri = 40.1123046875
t_f_gyr = 8.440057202148436
ra_f = 209.01524966231972
dec_f = 27.482209555614116
distance_f = 55.762983470334696
pmra_f = -0.9975160444874291
pmdec_f = -0.7856512120419634
radial_velocity_f = -0.7856512120419634
theta0 = -105.73426248459651
chi2_best = 23.48268314490892
chi2_best_interp = 13.711709921188918
