pericentre = 0.7850940554284499
apocentre = 93.25848910736171
pericentres = [10.668893021255762, 10.287935256815643, 12.250967401106097, 9.261564067088925, 12.232696457976282, 9.114285493620072, 4.252824413590107, 0.7850940554284499]
apocentres = [95.60397260760907, 94.90131284066415, 94.24387414307365, 94.83865887018301, 94.90047768325569, 94.41497154822422, 93.25848910736171]
period = 1.3056037597656247
idx_f = 213
idx_peri = 210
t_last_peri = 0.1415420898437496
t_f_gyr = 9.9958
ra_f = 294.58339839892466
dec_f = 21.5644680851694
distance_f = 40.30732802497941
pmra_f = -0.06746123593075228
pmdec_f = -0.2057653171981202
radial_velocity_f = -0.2057653171981202
theta0 = 29.457109264448064
idx_peris = [16, 44, 71, 99, 127, 154, 182, 210]
idx_apos = [30, 58, 85, 113, 140, 168, 196]
t_peris = [150.09765625, 430.107421875, 700.0244140625, 980.0341796875, 1260.0439453125, 1529.9609375, 1809.970703125, 2089.98046875]
t_apos = [290.1025390625, 570.1123046875, 840.029296875, 1120.0390625, 1389.9560546875, 1669.9658203125, 1949.9755859375]
