ra = 0.73
ra_em = 0.0
ra_ep = 0.0
ra_ref = "MV2020"
dec = -60.85
dec_em = 0.0
dec_ep = 0.0
dec_ref = "MV2020"
distance = 46.98941086052151
distance_em = 3.7380277570206246
distance_ep = 4.061089137019138
distance_modulus = 18.36
distance_modulus_em = 0.18
distance_modulus_ep = 0.18
distance_ref = "Simon2020ApJ...892..137S"
pmra = 0.5400000214576721
pmra_em = 0.05999999865889549
pmra_ep = 0.05999999865889549
pmra_ref = "MV2020"
pmdec = -1.6699999570846558
pmdec_em = 0.07000000029802322
pmdec_ep = 0.07000000029802322
pmdec_ref = "MV2020"
radial_velocity = 15.899999618530273
radial_velocity_em = 1.7000000476837158
radial_velocity_ep = 1.7999999523162842
radial_velocity_ref = "MV2020"
sigma_v = 4.300000190734863
sigma_v_em = 1.0
sigma_v_ep = 1.7000000476837158
sigma_v_ref = "MV2020"
position_angle = 27.0
position_angle_em = 8.0
position_angle_ep = 9.0
postiion_angle_ref = "MV2020"
ellipticity = 0.38999998569488525
ellipticity_em = 0.10000000149011612
ellipticity_ep = 0.07000000029802322
ellipticity_ref = "MV2020"
Mv = -3.510000228881836
Mv_em = 0.49000000953674316
Mv_ep = 0.49000000953674316
mv = 14.899999618530273
mv_em = 0.30000001192092896
mv_ep = 0.30000001192092896
mv_ref = "MV2020"
r_h = 9.300000190734863
r_h_em = 0.8999999761581421
r_h_ep = 1.399999976158142
r_h_ref = "MV2020"
metallicity = -2.490000009536743
metallicity_em = 0.1599999964237213
metallicity_ep = 0.15000000596046448
metallicity_ref = "MV2020"
pmra_gsr = -0.014375591300860585
pmdec_gsr = -0.8343518851749215
radial_velocity_gsr = -87.28931292444591
theta_pm_gsr = -39.64
MV2020_references = "(232)(262)(266)(267)"
