n_sersic = 0.6690449676420733
n_sersic_em = 0.5082523051634238
n_sersic_ep = 1.1589857073774168
log_M_s_sersic = 2.625788184283632
log_M_s_sersic_em = 3.054039900633955
log_M_s_sersic_ep = 2.345640678619435
log_R_h_sersic = -0.6019763962935366
log_R_h_sersic_em = 0.7719436771638447
log_R_h_sersic_ep = 1.3241645412708638
log_Sigma_bg_sersic = -3.946814752137007
log_Sigma_bg_sersic_em = 2.208919801946695
log_Sigma_bg_sersic_ep = 2.1553452769532626
"log_σ_sersic" = -1.4800671283697784
"log_σ_sersic_em" = 0.7763988518330383
"log_σ_sersic_ep" = 0.5754529413577405
chi2_sersic = 5.62113249175417
lp_sersic = -11.258336303907967
num_params_sersic = 4
log_M_exp2d = 2.302993671267844
log_M_exp2d_em = 0.2284251089742293
log_M_exp2d_ep = 0.5570194757953808
log_R_s_exp2d = 0.7219852015487344
log_R_s_exp2d_em = 0.22785170971386842
log_R_s_exp2d_ep = 0.4397625975713514
"log_σ_exp2d" = -1.5038362192229089
"log_σ_exp2d_em" = 0.8007207198164821
"log_σ_exp2d_ep" = 0.5667083363696707
chi2_exp2d = 0.07854016828422508
lp_exp2d = -6.7646697688752635
num_params_exp2d = 2
log_M_exp2d_inner = 2.303645823927315
log_M_exp2d_inner_em = 0.2275434803970735
log_M_exp2d_inner_ep = 0.5486246549817895
log_R_s_exp2d_inner = 0.7259649183075985
log_R_s_exp2d_inner_em = 0.2327455243927251
log_R_s_exp2d_inner_ep = 0.4317580847400675
"log_σ_exp2d_inner" = -1.503587965463756
"log_σ_exp2d_inner_em" = 0.7785834256766471
"log_σ_exp2d_inner_ep" = 0.5649876838388016
chi2_exp2d_inner = 0.07826209373673236
lp_exp2d_inner = -6.762099527337053
num_params_exp2d_inner = 2
log_M_plummer = 2.2896034796098084
log_M_plummer_em = 0.20090635004364055
log_M_plummer_ep = 0.4100374981973123
log_R_s_plummer = 0.9151358098719158
log_R_s_plummer_em = 0.20022368281710967
log_R_s_plummer_ep = 0.35626098658197813
"log_σ_plummer" = -1.5105758206300681
"log_σ_plummer_em" = 0.7932007059494195
"log_σ_plummer_ep" = 0.5653045088339841
chi2_plummer = 0.07147073306483077
lp_plummer = -6.963253210172343
num_params_plummer = 2
log_M_king = 2.299427668586369
log_M_king_em = 0.21665032843796084
log_M_king_ep = 0.4518632027204972
log_R_s_king = 0.716456368204865
log_R_s_king_em = 0.2295424270771818
log_R_s_king_ep = 0.37773059530550723
c_king = 9.970315236781492
c_king_em = 2.77011745363909
c_king_ep = 3.3442842921003226
"log_σ_king" = -1.5108564637033037
"log_σ_king_em" = 0.79629801895888
"log_σ_king_ep" = 0.5767742533800353
chi2_king = 0.07128363326803025
lp_king = -6.677086081911414
num_params_king = 3
