pericentre = 6.949432882112304
apocentre = 89.77911490703579
pericentres = [9.022760295762343, 4.92577456958549, 9.962321272358933, 4.8774156975966125, 9.019956072121424, 2.0881948561296153, 4.280939949008836, 6.949432882112304]
apocentres = [93.74690211723895, 93.48704809539551, 93.72662912344816, 93.50007380691771, 92.9417622425812, 91.65375891480234, 89.77911490703579]
period = 1.251258355243389
idx_f = 213
idx_peri = 201
t_last_peri = 0.5661683593750002
t_f_gyr = 9.9958
ra_f = 230.51414198077774
dec_f = -56.01132817928765
distance_f = 92.22450991935342
pmra_f = -0.33394812876205265
pmdec_f = -0.24376729661045762
radial_velocity_f = -0.24376729661045762
theta0 = 57.20484305410332
idx_peris = [15, 42, 68, 95, 122, 148, 175, 201]
idx_apos = [29, 55, 82, 108, 135, 161, 188]
t_peris = [140.0048828125, 409.921875, 670.0048828125, 939.921875, 1210.09765625, 1469.921875, 1740.09765625, 1999.921875]
t_apos = [280.009765625, 540.0927734375, 810.009765625, 1070.0927734375, 1340.009765625, 1600.0927734375, 1870.009765625]
