t_last_peri = 0.47129318359375105
apocentre = 99.11792401967934
period = 1.7936002246093743
theta0 = -39.875531332834896
pericentre = 51.284772506791164
idx_peri = 172
ra0 = 15.051253693504355
idx_f = 182
dec0 = -34.150519237300024
