pericentre = 7.394861693468468
apocentre = 94.14490153673586
pericentres = [9.100588355176177, 7.68947865463692, 8.029498966044967, 10.970368647647163, 6.942490542046035, 10.069581733816628, 8.707150377968583, 7.394861693468468]
apocentres = [95.84241588010839, 95.2226295004944, 94.7302099755323, 94.63867296639513, 94.4069563185139, 94.2923274551109, 94.14490153673586, 94.18053398701336]
period = 255.72056361607142
idx_peris = [14, 40, 66, 91, 117, 142, 168, 193]
idx_apos = [27, 53, 79, 104, 130, 155, 180, 206]
t_peris = [129.912109375, 389.9951171875, 650.078125, 900.068359375, 1159.892578125, 1409.8828125, 1669.9658203125, 1919.9560546875]
t_apos = [260.0830078125, 519.9072265625, 779.990234375, 1029.98046875, 1290.0634765625, 1540.0537109375, 1790.0439453125, 2050.126953125]
idx_f = 196
idx_peri = 193
t_last_peri = 30.01953125
t_f_gyr = 9.194134887695311
ra_f = 212.39667781170095
dec_f = 28.492307999226252
distance_f = 46.9919857485136
pmra_f = -1.1381536943750383
pmdec_f = -0.8264386118309507
radial_velocity_f = -0.8264386118309507
theta0 = -96.7160719033684
chi2_best = 18.48079943601503
chi2_best_interp = 17.36831758779806
