[sersic]
xi0 = 0.11220118153035712
xi0_em = 0.07615532459391192
xi0_ep = 0.07570180153326463
eta0 = 0.1568230284615745
eta0_em = 0.06472201325129374
eta0_ep = 0.06548678623946871
ell = 0.30964512395959665
ell_em = 0.009978370750118815
ell_ep = 0.009828759535155607
R_h = 10.492436715118242
R_h_em = 0.11612912175308487
R_h_ep = 0.1136363930273312
n = 1.4668926034140441
n_em = 0.025905632002136914
n_ep = 0.0258630251636629
"θ" = 95.19627376627142
"θ_em" = 1.096132806607315
"θ_ep" = 1.0648394752984416

[exp2d]
xi0 = 0.08102863124443474
xi0_em = 0.08014470670033536
xi0_ep = 0.08017526927775584
eta0 = 0.15528270360987723
eta0_em = 0.06817204452067974
eta0_ep = 0.06888606466496017
ell = 0.31942531930118856
ell_em = 0.009278385266215272
ell_ep = 0.00927726280222857
r_s = 6.944326057285355
r_s_em = 0.057773278559983154
r_s_ep = 0.05823070554894194
"θ" = 94.85868404002781
"θ_em" = 0.9998876082921129
"θ_ep" = 0.9793328281778884

[plummer]
xi0 = 0.06149152881057923
xi0_em = 0.07673978873814637
xi0_ep = 0.07892730682731733
eta0 = 0.15657101579608296
eta0_em = 0.06579421207345519
eta0_ep = 0.06446830897016217
ell = 0.30522372359081956
ell_em = 0.01021023668824328
ell_ep = 0.009932131239333952
r_s = 9.884917975141153
r_s_em = 0.09943988642236867
r_s_ep = 0.10017625033745858
"θ" = 95.26868391891483
"θ_em" = 1.1008706345875652
"θ_ep" = 1.1128496446850278
