r_h = 2.4116850270099115
r_h_err = 0.7093218850855687
chi2_sersic = +inf
M_sersic = 19.188498243314655
M_sersic_err = 9.405304094563997
n_sersic = 2.25344438665659
n_sersic_err = 1.6608490022661513
r_s_exp = 1.834133497396404
r_s_exp_err = 0.14393329587269132
chi2_exp = 1.9562873187203103
M_exp = 30.955103241225114
M_exp_err = 8.92052323319904
r_s_king = 0.9717944698832587
r_s_king_err = 0.6111345593980109
c_king = 22.448235284723847
c_king_err = 22.268869090646987
chi2_king = 22.268869090646987
M_king = 25.716252143311646
M_king_err = 32.22054955664108
