pericentre = 39.0799298839065
apocentre = 86.81252802031074
pericentres = [43.460686411224984, 40.71264437684181, 39.864341408872455, 39.81242919526998, 39.64363092282197, 39.0799298839065, 38.97038104888557]
apocentres = [90.7536311872305, 88.89366936190818, 88.31434730273193, 87.55140944369407, 86.81252802031074, 86.57934037353279]
period = 1.45735107865767
idx_f = 185
idx_peri = 174
t_last_peri = 0.5185809326171871
t_f_gyr = 8.675553955078124
ra_f = 17.087348836685937
dec_f = -35.653558608653114
distance_f = 82.07935329812476
pmra_f = 0.15098398844724326
pmdec_f = -0.218877560844249
radial_velocity_f = -0.218877560844249
theta0 = -41.22592058623397
idx_peris = [18, 51, 82, 113, 144, 174, 204]
idx_apos = [35, 66, 97, 128, 159, 189]
t_peris = [170.0244140625, 499.98046875, 810.009765625, 1120.0390625, 1430.068359375, 1730.0048828125, 2029.94140625]
t_apos = [340.048828125, 650.078125, 960.107421875, 1269.8779296875, 1579.9072265625, 1880.1025390625]
chi2_best = 571.1930843568406
chi2_best_interp = 571.1930843568406
