distance = 83.59195196256809
dec = -33.71749415904969
pmdec_err = 0.017
distance_err = 2.0
pmra = 0.10865573046832809
radial_velocity = 111.6464794296354
ra = 15.017784969523621
pmdec = -0.15464228402968322
radial_velocity_err = 0.2
pmra_err = 0.017
