distance = 88.57396564700262
dec = -33.718161073889256
pmdec_err = 0.017
distance_err = 2.0
pmra = 0.08240306028232289
radial_velocity = 111.60979079626877
ra = 15.019670293235132
pmdec = -0.16565285966818444
radial_velocity_err = 0.2
pmra_err = 0.017
