distance = 85.42424824718142
dec = -33.71693173253224
pmdec_err = 0.017
distance_err = 2.0
pmra = 0.08743609262850356
radial_velocity = 111.30362014480254
ra = 15.01832487081056
pmdec = -0.11035449990254884
radial_velocity_err = 0.2
pmra_err = 0.017
