lastmodel = "1e5_new_v31_r3.2/L3M11_9Gyr_smallperi.3b/"
x_i = 154.93499755859375
y_i = -254.35723876953125
z_i = 139.84906005859375
v_x_i = -6.846579551696778
v_y_i = -2.9850735664367676
v_z_i = -26.838058471679688
t_match = 0.0
method = "backwards"
ra = 15.0183
ra_err = 0
dec = -33.7186
dec_err = 0
pmra = 0.14
pmra_err = 0.017
pmdec = -0.151
pmdec_err = 0.017
distance = 86.0
distance_err = 2
radial_velocity = 111.2
radial_velocity_err = 0.3
