theta0 = 59.87774727666517
idx_peris = [14, 40, 65, 90, 116, 141, 165, 190]
t_last_peri = 0.8492525390624994
apocentre = [77.66316904541173, 76.6021908699015, 76.36359454907353, 76.43128471347876, 76.04473346033132, 75.99802652421657, 75.96637548378159, 75.77068121819697]
period = 1.1855021589006698
pericentre = 30.514499562573544
idx_peri = 190
idx_f = 208
idx_apos = [27, 53, 78, 103, 128, 153, 178, 203]
t_peris = [129.912109375, 389.9951171875, 639.9853515625, 889.9755859375, 1150.05859375, 1400.048828125, 1639.9462890625, 1889.9365234375]
dec0 = 68.15692761801688
distance_f = 63.82398348992121
ra0 = 230.04773666034575
t_apos = [260.0830078125, 519.9072265625, 769.8974609375, 1019.8876953125, 1269.8779296875, 1520.126953125, 1770.1171875, 2020.107421875]
