pericentre = 17.451411670451794
apocentre = 142.96286204254366
pericentres = [19.391737375467166, 18.06181019583935, 19.247680234617267, 19.182575696057974, 17.451411670451794]
apocentres = [145.29834580442395, 144.40232951564838, 143.78939044513163, 142.96286204254366]
period = 2.0342317592075894
idx_peris = [24, 67, 110, 154, 196]
idx_apos = [45, 89, 132, 175]
t_peris = [230.0634765625, 659.912109375, 1090.01953125, 1529.9609375, 1949.9755859375]
t_apos = [439.94140625, 879.8828125, 1309.990234375, 1740.09765625]
idx_f = 200
idx_peri = 196
t_last_peri = 0.18912951660156274
t_f_gyr = 9.383264404296874
ra_f = 208.1720088729385
dec_f = 26.56378147045951
distance_f = 59.83196638803854
pmra_f = -1.0195892825133313
pmdec_f = -0.8039410428691294
radial_velocity_f = -0.8039410428691294
theta0 = -110.26378123669258
chi2_best = 8.32916338571163
chi2_best_interp = 3.9966248708880108
