lastmodel = "orbit_smallperi.4"
dJ_R = 0.0
dJ_z = 0.0
dJ_phi = 0.0
dtheta_R = -0.22
dtheta_z = -0.1
dtheta_phi = 0.09
J_R = 7.09948715823192
J_z = 38.15519694882888
J_phi = -9.208193132923668
theta_R = 2.950314138618947
theta_z = 2.785952590552114
theta_phi = 2.100374990457103
x_i = -17.401033401489258
y_i = 74.5107650756836
z_i = 21.337574005126953
v_x_i = 14.276910091936589
v_y_i = 48.61755864620209
v_z_i = -114.075355219841
ra = 227.24200143381887
ra_err = 0
dec = 67.22210065639148
dec_err = 0
pmra = -0.15799998096803758
pmra_err = 0.017
pmdec = 0.050000021950772085
pmdec_err = 0.017
distance = 64.60000075808816
distance_err = 3.6
radial_velocity = -245.75000505449756
radial_velocity_err = 1.0
