pericentre = 29.823736343286733
apocentre = [77.12578867095917, 76.20774329361782, 75.5792081921856, 75.34990559993823, 75.08926341930591, 74.89017425098763, 74.89515440433696, 74.86823881076099]
period = 1.1720212505868501
idx_f = 206
idx_peri = 188
t_last_peri = 0.8494440875113014
t_f_gyr = 0.04557543319792911
ra_f = 231.01141833944882
dec_f = 68.16638960527317
distance_f = 61.38493265088252
pmra_f = -0.12352748288048282
pmdec_f = 0.07978645386886943
radial_velocity_f = 0.07978645386886943
theta0 = 61.957567111978015
idx_peris = [14, 40, 65, 90, 114, 139, 164, 188]
idx_apos = [27, 52, 77, 102, 127, 151, 176, 201]
t_peris = [129.912109375, 389.9951171875, 639.9853515625, 890.1570415496826, 1129.937744140625, 1380.0315952301025, 1630.12544631958, 1869.9061489105225]
t_apos = [260.0830078125, 510.0732421875, 760.0634765625, 1010.0473928451538, 1260.1412439346313, 1499.9219465255737, 1750.0157976150513, 2000.1096487045288]
