f_sat_cen = 0.9320210479189898
PSAT = 0.2
num_per_bin = 20
bin_width = 0.05

[centring_error]
xi_stat = 0.4930795278083164
xi_sys = 0.4488907529731543
eta_stat = 0.43766869567360833
eta_sys = 0.5840576858410813
counts = 2314
