position_err = 0.9137916707172675
ellipticity = 0.55
ellipticity_err = 0.01
position_angle = 50.0
position_angle_err = 1.0
bins = [0.2460971372251764, 1.7501506959024058, 2.689970350386358, 3.258807054432357, 3.9021263741645322, 4.395692915592956, 4.9719750345144655, 5.578647743053872, 6.259345717756443, 7.023101407178699, 7.880049385288589, 8.84156083110464, 9.920394417332814, 11.130865610201589, 12.48903662700127, 14.012929571948572, 15.722765578560013, 17.641233131808022, 19.793789130531824, 22.208996685018324, 24.918904132121693, 27.959470297221994, 31.371041645990687, 35.198887657476995, 39.4938015225908, 44.312774138885864, 49.71975034514474, 55.786477430538824, 62.593457177564545, 70.23101407178711, 78.80049385288604, 88.41560831104657, 99.20394417332831, 111.30865610201606, 124.89036627001282, 140.12929571948578, 160.69493424524612]
