position_err = 0.9137916707172676
ellipticity = 0.55
ellipticity_err = 0.01
position_angle = 50.0
position_angle_err = 1.0
bins = [0.2460971372251764, 1.1008236664435873, 1.6089504064484037, 1.9251136264231252, 2.3737473922336236, 2.7322426338157095, 3.065626656771828, 3.4396896828980217, 3.8593953012836497, 4.3303127504865415, 4.858690818944994, 5.451540762603803, 6.116729340020867, 6.8630831994736825, 7.700506003219236, 8.640109843075038, 9.694362691126235, 10.877253842140082, 12.204479543008109, 13.693651272405894, 15.364529434414978, 17.239285567079314, 19.342796545244482, 21.702974681572574, 24.35113810597271, 27.322426338157143, 30.656266567718337, 34.39689682898029, 38.59395301283658, 43.3031275048655, 48.586908189450035, 54.51540762603815, 61.16729340020879, 68.63083199473697, 77.00506003219252, 86.40109843075057, 96.94362691126256, 108.77253842140105, 122.04479543008128, 136.93651272405907, 160.69493424524612]
