n_sersic = 1.0973981650979274
n_sersic_em = 0.08306400180116813
n_sersic_ep = 0.09417852794064485
log_M_s_sersic = 0.009988834414290323
log_M_s_sersic_em = 0.03309357802487155
log_M_s_sersic_ep = 0.03155113312877085
log_R_h_sersic = 1.0853320385559595
log_R_h_sersic_em = 0.013993600578327658
log_R_h_sersic_ep = 0.01442339265017023
log_Sigma_bg_sersic = -2.163484303183474
log_Sigma_bg_sersic_em = 0.11890325870251406
log_Sigma_bg_sersic_ep = 0.09896744882971342
"log_σ_sersic" = -1.9043110456758097
"log_σ_sersic_em" = 0.6670334713671546
"log_σ_sersic_ep" = 0.4223306073477535
chi2_sersic = 0.9929618921605614
lp_sersic = 25.63426254300177
num_params_sersic = 4
log_M_exp2d = 3.3302560214223176
log_M_exp2d_em = 0.02791984705829531
log_M_exp2d_ep = 0.029320253181970735
log_R_s_exp2d = 0.973088577628737
log_R_s_exp2d_em = 0.01461430902082883
log_R_s_exp2d_ep = 0.015653309031401164
"log_σ_exp2d" = -0.868216219632828
"log_σ_exp2d_em" = 0.08410658898173928
"log_σ_exp2d_ep" = 0.0819831282951552
chi2_exp2d = 4.4027098298867715
lp_exp2d = 7.5941736990177855
num_params_exp2d = 2
log_M_exp2d_inner = 3.2721469591482624
log_M_exp2d_inner_em = 0.01765154098580446
log_M_exp2d_inner_ep = 0.017522688792568797
log_R_s_exp2d_inner = 0.8477383765174147
log_R_s_exp2d_inner_em = 0.019411638576605106
log_R_s_exp2d_inner_ep = 0.020348764325711644
"log_σ_exp2d_inner" = -2.0841125118497072
"log_σ_exp2d_inner_em" = 0.6204332600252216
"log_σ_exp2d_inner_ep" = 0.43167145245868266
chi2_exp2d_inner = 0.4752124060308924
lp_exp2d_inner = 24.969079405846585
num_params_exp2d_inner = 2
log_M_plummer = 3.314015659547929
log_M_plummer_em = 0.012931145821601486
log_M_plummer_ep = 0.012928798756667081
log_R_s_plummer = 1.115573898546529
log_R_s_plummer_em = 0.011717220566962228
log_R_s_plummer_ep = 0.011555157030467056
"log_σ_plummer" = -2.149687311886356
"log_σ_plummer_em" = 0.6106116414596077
"log_σ_plummer_ep" = 0.41057187759399416
chi2_plummer = 0.45085622094060457
lp_plummer = 37.528853939294414
num_params_plummer = 2
log_M_king = 3.303453601526005
log_M_king_em = 0.01703507773366786
log_M_king_ep = 0.015525422440745285
log_R_s_king = 0.8111442777364815
log_R_s_king_em = 0.02743486488185065
log_R_s_king_ep = 0.027944660739402494
c_king = 15.196267742955394
c_king_em = 1.236732973789314
c_king_ep = 1.3969139031174702
"log_σ_king" = -1.342015537428109
"log_σ_king_em" = 0.42276718098747246
"log_σ_king_ep" = 0.17355873429776514
chi2_king = 1.5561636634106797
lp_king = 24.152298716433037
num_params_king = 3
