log_M_exp2d = 3.3304320690711515
log_M_exp2d_em = 0.028522163664092215
log_M_exp2d_ep = 0.028941739389142906
log_R_s_exp2d = 0.9732032730165057
log_R_s_exp2d_em = 0.014837541514962305
log_R_s_exp2d_ep = 0.015912288752306214
"log_σ_exp2d" = -0.8686898263742284
"log_σ_exp2d_em" = 0.08501445235473004
"log_σ_exp2d_ep" = 0.08303448531878432
chi2_exp2d = 4.406987645647294
lp_exp2d = 7.59598825716836
num_params_exp2d = 2
log_M_exp2d_inner = 3.277392277723343
log_M_exp2d_inner_em = 0.019853681825017677
log_M_exp2d_inner_ep = 0.020254672942144225
log_R_s_exp2d_inner = 0.8535607337123514
log_R_s_exp2d_inner_em = 0.02199981484950453
log_R_s_exp2d_inner_ep = 0.023506644711445812
"log_σ_exp2d_inner" = -2.0476877935289246
"log_σ_exp2d_inner_em" = 0.6272026585654027
"log_σ_exp2d_inner_ep" = 0.42945104623343733
chi2_exp2d_inner = 0.4871507133601187
lp_exp2d_inner = 23.251240928262664
num_params_exp2d_inner = 2
