log_M_exp2d = 3.33055918756852
log_M_exp2d_em = 0.0289568753505991
log_M_exp2d_ep = 0.029250649765939052
log_R_s_exp2d = 0.9735177914009366
log_R_s_exp2d_em = 0.015052141905980365
log_R_s_exp2d_ep = 0.01600179073861019
"log_σ_exp2d" = -0.8687630387888535
"log_σ_exp2d_em" = 0.08321469368129641
"log_σ_exp2d_ep" = 0.08382291042496137
chi2_exp2d = 4.415604109331242
lp_exp2d = 7.593988104405572
num_params_exp2d = 2
log_M_exp2d_inner = 3.276786409022794
log_M_exp2d_inner_em = 0.01980882214163815
log_M_exp2d_inner_ep = 0.020055235147628192
log_R_s_exp2d_inner = 0.8535672346305914
log_R_s_exp2d_inner_em = 0.022523777445321747
log_R_s_exp2d_inner_ep = 0.0233140076875602
"log_σ_exp2d_inner" = -2.0528967839991243
"log_σ_exp2d_inner_em" = 0.6249919745448387
"log_σ_exp2d_inner_ep" = 0.42880723498606255
chi2_exp2d_inner = 0.48694612620370387
lp_exp2d_inner = 23.251838277690787
num_params_exp2d_inner = 2
