n_sersic = 1.2335687972320915
n_sersic_em = 0.23580904279904824
n_sersic_ep = 0.2559242628020493
log_M_s_sersic = -0.13003163183064295
log_M_s_sersic_em = 0.08013991045616334
log_M_s_sersic_ep = 0.0888567651795585
log_R_h_sersic = 1.164356852531114
log_R_h_sersic_em = 0.03830437015171162
log_R_h_sersic_ep = 0.03628254538989384
log_Sigma_bg_sersic = -2.8383321623682067
log_Sigma_bg_sersic_em = 4.06368407236037
log_Sigma_bg_sersic_ep = 0.5817083333036575
"log_σ_sersic" = -1.8513210844182775
"log_σ_sersic_em" = 0.7163760764130374
"log_σ_sersic_ep" = 0.40991135402316536
chi2_sersic = 0.30704992038771506
lp_sersic = 7.384598435689002
num_params_sersic = 4
log_M_exp2d = 3.299306523748045
log_M_exp2d_em = 0.032840708731869395
log_M_exp2d_ep = 0.03209087189190507
log_R_s_exp2d = 1.0137541616322037
log_R_s_exp2d_em = 0.01573610752904031
log_R_s_exp2d_ep = 0.01687837340487741
"log_σ_exp2d" = -1.7583855103157475
"log_σ_exp2d_em" = 0.6950524227967922
"log_σ_exp2d_ep" = 0.4658974342906501
chi2_exp2d = 0.5924849402047268
lp_exp2d = 7.228386931107626
num_params_exp2d = 2
log_M_exp2d_inner = 3.317156285969744
log_M_exp2d_inner_em = 0.04234734511550142
log_M_exp2d_inner_ep = 0.046662407482172874
log_R_s_exp2d_inner = 0.9597044880050856
log_R_s_exp2d_inner_em = 0.05974781445477062
log_R_s_exp2d_inner_ep = 0.06861541001339377
"log_σ_exp2d_inner" = -1.8667768015359587
"log_σ_exp2d_inner_em" = 0.6735889584699337
"log_σ_exp2d_inner_ep" = 0.4848923602257693
chi2_exp2d_inner = 0.14198229148400143
lp_exp2d_inner = 4.688003983783067
num_params_exp2d_inner = 2
log_M_plummer = 3.3252092199454695
log_M_plummer_em = 0.03354932177170378
log_M_plummer_ep = 0.03448879878816502
log_R_s_plummer = 1.1771251945337353
log_R_s_plummer_em = 0.029481331174201486
log_R_s_plummer_ep = 0.028285304795947708
"log_σ_plummer" = -1.9699012009531014
"log_σ_plummer_em" = 0.650121411350641
"log_σ_plummer_ep" = 0.45514948590071125
chi2_plummer = 0.09182136052197153
lp_plummer = 14.123982880662352
num_params_plummer = 2
log_M_king = 3.3032331516071887
log_M_king_em = 0.03440940473723941
log_M_king_ep = 0.03579846600005965
log_R_s_king = 0.9038561941747727
log_R_s_king_em = 0.06085407850030067
log_R_s_king_ep = 0.06000387598996537
c_king = 12.564714246816688
c_king_em = 1.8283287420207177
c_king_ep = 2.174553457649438
"log_σ_king" = -1.7814710545751768
"log_σ_king_em" = 0.7009237093472482
"log_σ_king_ep" = 0.48719168834393956
chi2_king = 0.5215654092537936
lp_king = 8.513459510599297
num_params_king = 3
