name = "smallperi"
ra = 227.24200187512724
dec = 67.22209990383536
distance = 65.91700157076238
pmra = -0.15999997243923866
pmdec = 0.05100001075131097
radial_velocity = -245.2580037810815
distance_err = 2.9
pmra_err = 0.017
pmdec_err = 0.017
radial_velocity_err = 1.0
pericentre = 30.006101326203055
apocentre = 76.19394521916324
t_apo_i = 0.29284570312499997
r_i = 76.16837565657904
x_i = -17.247289657592773
y_i = 70.90721893310547
z_i = 21.82472801208496
v_x_i = 15.389516660571099
v_y_i = 38.083311507105826
v_z_i = -117.05969116687776
