break_radius_arcmin = 96.95251453962234
break_radius_kpc = 2.1704032387756826
