break_radius_arcmin = 294.61415066370347
break_radius_kpc = 4.897694395218783
