n_sersic = 1.329639689217558
n_sersic_em = 0.11331334945599814
n_sersic_ep = 0.11350660690721726
log_M_s_sersic = 0.7095228987914234
log_M_s_sersic_em = 0.03518290891806186
log_M_s_sersic_ep = 0.03952475413836398
log_R_h_sersic = 0.9935223156620103
log_R_h_sersic_em = 0.01851780649567203
log_R_h_sersic_ep = 0.015887806732349796
log_Sigma_bg_sersic = -3.9261552721745603
log_Sigma_bg_sersic_em = 3.8907555038641184
log_Sigma_bg_sersic_ep = 1.3723341108194145
"log_σ_sersic" = -1.9654145866550548
"log_σ_sersic_em" = 0.6355496551889241
"log_σ_sersic_ep" = 0.44400725912911176
chi2_sersic = 0.7582459467905391
lp_sersic = 27.64869837417269
num_params_sersic = 4
log_M_exp2d = 3.8396490810687656
log_M_exp2d_em = 0.02000635606041845
log_M_exp2d_ep = 0.0212665031446595
log_R_s_exp2d = 0.824340133532449
log_R_s_exp2d_em = 0.011471874178651698
log_R_s_exp2d_ep = 0.012540742867245491
"log_σ_exp2d" = -1.1645476333819649
"log_σ_exp2d_em" = 0.24336169472170788
"log_σ_exp2d_ep" = 0.14275636808459446
chi2_exp2d = 1.7037803156713127
lp_exp2d = 18.248037960980874
num_params_exp2d = 2
log_M_exp2d_inner = 3.798561870811087
log_M_exp2d_inner_em = 0.020621006740840553
log_M_exp2d_inner_ep = 0.020788989842438266
log_R_s_exp2d_inner = 0.7310944883098456
log_R_s_exp2d_inner_em = 0.02238384494607004
log_R_s_exp2d_inner_ep = 0.023487809204824628
"log_σ_exp2d_inner" = -2.087977220802427
"log_σ_exp2d_inner_em" = 0.6214766373436631
"log_σ_exp2d_inner_ep" = 0.42998849688651264
chi2_exp2d_inner = 0.18086356131602968
lp_exp2d_inner = 25.88056341521616
num_params_exp2d_inner = 2
log_M_plummer = 3.838657359025528
log_M_plummer_em = 0.015072005875643057
log_M_plummer_ep = 0.01545383122806987
log_R_s_plummer = 0.9970696088709537
log_R_s_plummer_em = 0.013522380722532201
log_R_s_plummer_ep = 0.013503277546859871
"log_σ_plummer" = -2.140549174383101
"log_σ_plummer_em" = 0.6046193857732258
"log_σ_plummer_ep" = 0.4114038902880863
chi2_plummer = 0.22605570150156176
lp_plummer = 38.003283821378886
num_params_plummer = 2
log_M_king = 3.826434730296749
log_M_king_em = 0.015380190153835738
log_M_king_ep = 0.015604298553975049
log_R_s_king = 0.7027821182180413
log_R_s_king_em = 0.03003510318237146
log_R_s_king_ep = 0.0286558261133667
c_king = 13.685630040282858
c_king_em = 1.1233702232884166
c_king_ep = 1.2666119903144963
"log_σ_king" = -1.9838529903378763
"log_σ_king_em" = 0.6498898291319581
"log_σ_king_ep" = 0.42987825089988885
chi2_king = 0.6523966294180545
lp_king = 31.561083418097645
num_params_king = 3
