position_err = 3.4201970224738276
ellipticity = 0.5600000023841858
ellipticity_err = 0.029999999329447746
position_angle = -77.0
position_angle_err = 2.0
bins = [0.841405902622379, 5.209593512645324, 6.92615123261043, 8.719507792662764, 10.97720993852042, 13.819488542202848, 17.3977053037775, 21.90241331383166, 27.57350470040158, 34.71298575956147, 43.701059891960995, 55.01637482032857, 79.48525573094649]
