gc_d = 8.122
gc_v_sun_x = 12.9
distance_err = 2.0
pmra = 0.09899999683688475
gc_dec = -28.936175
name = "mean"
distance = 83.19999905152916
gc_v_sun_z = 7.78
ra = 15.018299835652098
pmra_err = 0.017
pmdec_err = 0.017
gc_v_sun_y = 245.6
dec = -33.718599828039956
radial_velocity = 111.40000218521624
radial_velocity_err = 0.2
pmdec = -0.15999999666557835
gc_ra = 266.4051
gc_z_sun = 0.0208
