gc_d = 8.122
gc_v_sun_x = 13.486
distance_err = 2.0
pmra = 0.13200000016112853
gc_dec = -28.936175
name = "smallperi"
distance = 82.76000264493705
gc_v_sun_z = 7.781
ra = 15.01830005292755
pmra_err = 0.017
pmdec_err = 0.017
gc_v_sun_y = 246.457
dec = -33.71859999886904
radial_velocity = 111.38799905319993
radial_velocity_err = 0.2
pmdec = -0.1970000026443719
gc_ra = 266.4051
gc_z_sun = 0.0208
