ra = 43.88208333333333
ra_em = 0.0
ra_ep = 0.0
ra_ref = "MV2020"
dec = -54.11888888888889
dec_em = 0.0
dec_ep = 0.0
dec_ref = "MV2020"
distance = 79.4328384399414
distance_em = 6.989295959472656
distance_ep = 7.6635284423828125
distance_modulus = 19.5
distance_modulus_em = 0.20000000298023224
distance_modulus_ep = 0.20000000298023224
distance_ref = "MV2020"
pmra = 0.8199999928474426
pmra_em = 0.029999999329447746
pmra_ep = 0.029999999329447746
pmra_ref = "MV2020"
pmdec = -0.6100000143051147
pmdec_em = 0.029999999329447746
pmdec_ep = 0.029999999329447746
pmdec_ref = "MV2020"
radial_velocity = 112.80000305175781
radial_velocity_em = 2.5999999046325684
radial_velocity_ep = 2.5
radial_velocity_ref = "MV2020"
sigma_v = 4.900000095367432
sigma_v_em = 0.8999999761581421
sigma_v_ep = 2.799999952316284
sigma_v_ref = "MV2020"
position_angle = 50.0
position_angle_em = 26.0
position_angle_ep = 26.0
postiion_angle_ref = "MV2020"
ellipticity = 0.3100000023841858
ellipticity_em = 0.1599999964237213
ellipticity_ep = 0.1599999964237213
ellipticity_ref = "MV2020"
Mv = -3.5500001907348633
Mv_em = 0.7599999904632568
Mv_ep = 0.7599999904632568
mv = 15.949999809265137
mv_em = 0.5600000023841858
mv_ep = 0.5600000023841858
mv_ref = "MV2020"
rh = 1.5399999618530273
rh_em = 0.3400000035762787
rh_ep = 0.3400000035762787
rh_ref = "MV2020"
metallicity = -2.759999990463257
metallicity_em = 0.10000000149011612
metallicity_ep = 0.10000000149011612
metallicity_ref = "MV2020"
MV2020_references = "(226)(227)(254)(255)(266)(267)"
