ra = 336.09416666666664
ra_em = 0.0
ra_ep = 0.0
ra_ref = "MV2020"
dec = 5.42
dec_em = 0.0
dec_ep = 0.0
dec_ref = "MV2020"
distance = 205.11611938476562
distance_em = 18.0479736328125
distance_ep = 19.789459228515625
distance_modulus = 21.559999465942383
distance_modulus_em = 0.20000000298023224
distance_modulus_ep = 0.20000000298023224
distance_ref = "MV2020"
pmra = 0.05999999865889549
pmra_em = 0.10000000149011612
pmra_ep = 0.10000000149011612
pmra_ref = "MV2020"
pmdec = -0.20000000298023224
pmdec_em = 0.10000000149011612
pmdec_ep = 0.10000000149011612
pmdec_ref = "MV2020"
radial_velocity = -222.89999389648438
radial_velocity_em = 2.5999999046325684
radial_velocity_ep = 2.5999999046325684
radial_velocity_ref = "MV2020"
sigma_v = 5.400000095367432
sigma_v_em = 2.5
sigma_v_ep = 3.0
sigma_v_ref = "MV2020"
position_angle = 133.0
position_angle_em = 17.0
position_angle_ep = 17.0
postiion_angle_ref = "MV2020"
ellipticity = 0.46000000834465027
ellipticity_em = 0.25999999046325684
ellipticity_ep = 0.18000000715255737
ellipticity_ref = "MV2020"
Mv = -4.059999465942383
Mv_em = 0.699999988079071
Mv_ep = 0.699999988079071
mv = 17.5
mv_em = 0.5
mv_ep = 0.5
mv_ref = "MV2020"
rh = 1.2999999523162842
rh_em = 0.4000000059604645
rh_ep = 0.5
rh_ref = "MV2020"
metallicity = -2.0999999046325684
metallicity_em = nan
metallicity_ep = nan
metallicity_ref = "MV2020"
MV2020_references = "(229)(249)(266)(267)"
