ra = 33.322500000000005
ra_em = 0.0
ra_ep = 0.0
ra_ref = "MV2020"
dec = 36.17833333333333
dec_em = 0.0
dec_ep = 0.0
dec_ref = "MV2020"
distance = 30.19951820373535
distance_em = 1.359201431274414
distance_ep = 1.423257827758789
distance_modulus = 17.399999618530273
distance_modulus_em = 0.10000000149011612
distance_modulus_ep = 0.10000000149011612
distance_ref = "MV2020"
pmra = 0.5600000023841858
pmra_em = 0.05000000074505806
pmra_ep = 0.05000000074505806
pmra_ref = "MV2020"
pmdec = 0.07000000029802322
pmdec_em = 0.05999999865889549
pmdec_ep = 0.05999999865889549
pmdec_ref = "MV2020"
radial_velocity = -381.70001220703125
radial_velocity_em = 1.100000023841858
radial_velocity_ep = 1.100000023841858
radial_velocity_ref = "MV2020"
sigma_v = nan
sigma_v_em = nan
sigma_v_ep = nan
sigma_v_ref = "MV2020"
position_angle = 56.0
position_angle_em = 24.0
position_angle_ep = 16.0
postiion_angle_ref = "MV2020"
ellipticity = 0.20999999344348907
ellipticity_em = 0.20999999344348907
ellipticity_ep = 0.17000000178813934
ellipticity_ref = "MV2020"
Mv = -1.7999992370605469
Mv_em = 0.6000000238418579
Mv_ep = 0.6000000238418579
mv = 15.600000381469727
mv_em = 0.5
mv_ep = 0.5
mv_ref = "MV2020"
rh = 3.9000000953674316
rh_em = 0.8999999761581421
rh_ep = 1.100000023841858
rh_ref = "MV2020"
metallicity = -2.240000009536743
metallicity_em = 0.05000000074505806
metallicity_ep = 0.05000000074505806
metallicity_ref = "MV2020"
MV2020_references = "(221)(261)(266)(267)"
