ra = 260.0516666666666
ra_em = 0.0
ra_ep = 0.0
ra_ref = "MV2020"
dec = 57.915277777777774
dec_em = 0.0
dec_ep = 0.0
dec_ref = "MV2020"
distance = 75.85778045654297
distance_em = 5.7122955322265625
distance_ep = 6.1773834228515625
distance_modulus = 19.399999618530273
distance_modulus_em = 0.17000000178813934
distance_modulus_ep = 0.17000000178813934
distance_ref = "MV2020"
pmra = 0.041999999433755875
pmra_em = 0.004999999888241291
pmra_ep = 0.004999999888241291
pmra_ref = "MV2020"
pmdec = -0.1899999976158142
pmdec_em = 0.009999999776482582
pmdec_ep = 0.009999999776482582
pmdec_ref = "MV2020"
radial_velocity = -291.0
radial_velocity_em = 0.10000000149011612
radial_velocity_ep = 0.10000000149011612
radial_velocity_ref = "MV2020"
sigma_v = 9.100000381469727
sigma_v_em = 1.2000000476837158
sigma_v_ep = 1.2000000476837158
sigma_v_ref = "MV2020"
position_angle = 87.0
position_angle_em = 1.0
position_angle_ep = 1.0
postiion_angle_ref = "MV2020"
ellipticity = 0.30000001192092896
ellipticity_em = 0.009999999776482582
ellipticity_ep = 0.009999999776482582
ellipticity_ref = "MV2020"
Mv = -8.710000038146973
Mv_em = 0.2199999988079071
Mv_ep = 0.2199999988079071
mv = 10.6899995803833
mv_em = 0.05000000074505806
mv_ep = 0.05000000074505806
mv_ref = "MV2020"
rh = 9.930000305175781
rh_em = 0.09000000357627869
rh_ep = 0.09000000357627869
rh_ref = "MV2020"
metallicity = -1.9299999475479126
metallicity_em = 0.009999999776482582
metallicity_ep = 0.009999999776482582
metallicity_ref = "MV2020"
MV2020_references = "(21)(22)(98)(135)(130)(180)(255)(266)(267)"
