ra = 0.73
ra_em = 0.0
ra_ep = 0.0
ra_ref = "MV2020"
dec = -60.85
dec_em = 0.0
dec_ep = 0.0
dec_ref = "MV2020"
distance = 48.083953857421875
distance_em = 4.028461456298828
distance_ep = 4.396823883056641
distance_modulus = 18.40999984741211
distance_modulus_em = 0.1899999976158142
distance_modulus_ep = 0.1899999976158142
distance_ref = "MV2020"
pmra = 0.5400000214576721
pmra_em = 0.05999999865889549
pmra_ep = 0.05999999865889549
pmra_ref = "MV2020"
pmdec = -1.6699999570846558
pmdec_em = 0.07000000029802322
pmdec_ep = 0.07000000029802322
pmdec_ref = "MV2020"
radial_velocity = 15.899999618530273
radial_velocity_em = 1.7000000476837158
radial_velocity_ep = 1.7999999523162842
radial_velocity_ref = "MV2020"
sigma_v = 4.300000190734863
sigma_v_em = 1.0
sigma_v_ep = 1.7000000476837158
sigma_v_ref = "MV2020"
position_angle = 27.0
position_angle_em = 8.0
position_angle_ep = 9.0
postiion_angle_ref = "MV2020"
ellipticity = 0.38999998569488525
ellipticity_em = 0.10000000149011612
ellipticity_ep = 0.07000000029802322
ellipticity_ref = "MV2020"
Mv = -3.510000228881836
Mv_em = 0.49000000953674316
Mv_ep = 0.49000000953674316
mv = 14.899999618530273
mv_em = 0.30000001192092896
mv_ep = 0.30000001192092896
mv_ref = "MV2020"
rh = 9.300000190734863
rh_em = 0.8999999761581421
rh_ep = 1.399999976158142
rh_ref = "MV2020"
metallicity = -2.490000009536743
metallicity_em = 0.1599999964237213
metallicity_ep = 0.15000000596046448
metallicity_ref = "MV2020"
MV2020_references = "(232)(262)(266)(267)"
