ra = 247.7583333333333
ra_em = 0.0
ra_ep = 0.0
ra_ref = "MV2020"
dec = 12.791666666666666
dec_em = 0.0
dec_ep = 0.0
dec_ref = "MV2020"
distance = 131.8256378173828
distance_em = 11.599212646484375
distance_ep = 12.71844482421875
distance_modulus = 20.600000381469727
distance_modulus_em = 0.20000000298023224
distance_modulus_ep = 0.20000000298023224
distance_ref = "MV2020"
pmra = -0.029999999329447746
pmra_em = 0.03999999910593033
pmra_ep = 0.03999999910593033
pmra_ref = "MV2020"
pmdec = -0.36000001430511475
pmdec_em = 0.029999999329447746
pmdec_ep = 0.029999999329447746
pmdec_ref = "MV2020"
radial_velocity = 45.20000076293945
radial_velocity_em = 1.100000023841858
radial_velocity_ep = 1.100000023841858
radial_velocity_ref = "MV2020"
sigma_v = 3.700000047683716
sigma_v_em = 0.8999999761581421
sigma_v_ep = 0.8999999761581421
sigma_v_ref = "MV2020"
position_angle = -73.0
position_angle_em = 2.0
position_angle_ep = 2.0
postiion_angle_ref = "MV2020"
ellipticity = 0.6899999976158142
ellipticity_em = 0.03999999910593033
ellipticity_ep = 0.03999999910593033
ellipticity_ref = "MV2020"
Mv = -5.829999923706055
Mv_em = 0.3700000047683716
Mv_ep = 0.3700000047683716
mv = 14.770000457763672
mv_em = 0.17000000178813934
mv_ep = 0.17000000178813934
mv_ref = "MV2020"
rh = 5.989999771118164
rh_em = 0.5799999833106995
rh_ep = 0.5799999833106995
rh_ref = "MV2020"
metallicity = -2.4100000858306885
metallicity_em = 0.03999999910593033
metallicity_ep = 0.03999999910593033
metallicity_ref = "MV2020"
MV2020_references = "(30)(31)(98)(130)(179)(180)(255)(266)(267)"
