ra = 39.99708333333333
ra_em = 0.0
ra_ep = 0.0
ra_ref = "MV2020"
dec = -34.44916666666666
dec_em = 0.0
dec_ep = 0.0
dec_ref = "MV2020"
distance = 147.2313232421875
distance_em = 11.712387084960938
distance_ep = 12.724472045898438
distance_modulus = 20.84000015258789
distance_modulus_em = 0.18000000715255737
distance_modulus_ep = 0.18000000715255737
distance_ref = "MV2020"
pmra = 0.38199999928474426
pmra_em = 0.0010000000474974513
pmra_ep = 0.0010000000474974513
pmra_ref = "MV2020"
pmdec = -0.35899999737739563
pmdec_em = 0.0020000000949949026
pmdec_ep = 0.0020000000949949026
pmdec_ref = "MV2020"
radial_velocity = 55.29999923706055
radial_velocity_em = 0.10000000149011612
radial_velocity_ep = 0.10000000149011612
radial_velocity_ref = "MV2020"
sigma_v = 11.699999809265137
sigma_v_em = 0.8999999761581421
sigma_v_ep = 0.8999999761581421
sigma_v_ref = "MV2020"
position_angle = 46.0
position_angle_em = 1.0
position_angle_ep = 1.0
postiion_angle_ref = "MV2020"
ellipticity = 0.2800000011920929
ellipticity_em = 0.009999999776482582
ellipticity_ep = 0.009999999776482582
ellipticity_ref = "MV2020"
Mv = -13.460000038146973
Mv_em = 0.3199999928474426
Mv_ep = 0.3199999928474426
mv = 7.380000114440918
mv_em = 0.14000000059604645
mv_ep = 0.14000000059604645
mv_ref = "MV2020"
rh = 18.399999618530273
rh_em = 0.20000000298023224
rh_ep = 0.20000000298023224
rh_ref = "MV2020"
metallicity = -0.9900000095367432
metallicity_em = 0.009999999776482582
metallicity_ep = 0.009999999776482582
metallicity_ref = "MV2020"
MV2020_references = "(29)(26)(100)(136)(138)(130)(180)(255)(266)(267)"
