ra = 34.81666666666666
ra_em = 0.0
ra_ep = 0.0
ra_ref = "MV2020"
dec = 20.17527777777778
dec_em = 0.0
dec_ep = 0.0
dec_ref = "MV2020"
distance = 34.673683166503906
distance_em = 1.5605735778808594
distance_ep = 1.6341590881347656
distance_modulus = 17.700000762939453
distance_modulus_em = 0.10000000149011612
distance_modulus_ep = 0.10000000149011612
distance_ref = "MV2020"
pmra = 1.4700000286102295
pmra_em = 0.03999999910593033
pmra_ep = 0.03999999910593033
pmra_ref = "MV2020"
pmdec = -0.3100000023841858
pmdec_em = 0.03999999910593033
pmdec_ep = 0.03999999910593033
pmdec_ref = "MV2020"
radial_velocity = -39.20000076293945
radial_velocity_em = 2.5
radial_velocity_ep = 2.5
radial_velocity_ref = "MV2020"
sigma_v = 3.4000000953674316
sigma_v_em = 1.2000000476837158
sigma_v_ep = 2.5
sigma_v_ref = "MV2020"
position_angle = 166.0
position_angle_em = 15.0
position_angle_ep = 15.0
postiion_angle_ref = "MV2020"
ellipticity = 0.20999999344348907
ellipticity_em = 0.07000000029802322
ellipticity_ep = 0.07000000029802322
ellipticity_ref = "MV2020"
Mv = -1.8600006103515625
Mv_em = 0.9800000190734863
Mv_ep = 0.9800000190734863
mv = 15.84000015258789
mv_em = 0.8799999952316284
mv_ep = 0.8799999952316284
mv_ref = "MV2020"
rh = 3.640000104904175
rh_em = 0.28999999165534973
rh_ep = 0.28999999165534973
rh_ref = "MV2020"
metallicity = -2.2200000286102295
metallicity_em = 0.12999999523162842
metallicity_ep = 0.12999999523162842
metallicity_ref = "MV2020"
MV2020_references = "(11)(214)(255)(266)(267)"
