ra = 194.29166666666666
ra_em = 0.0
ra_ep = 0.0
ra_ref = "MV2020"
dec = 34.32083333333334
dec_em = 0.0
dec_ep = 0.0
dec_ref = "MV2020"
distance = 159.95579528808594
distance_em = 4.359100341796875
distance_ep = 4.481414794921875
distance_modulus = 21.020000457763672
distance_modulus_em = 0.05999999865889549
distance_modulus_ep = 0.05999999865889549
distance_ref = "MV2020"
pmra = -0.15000000596046448
pmra_em = 0.07000000029802322
pmra_ep = 0.07000000029802322
pmra_ref = "MV2020"
pmdec = -0.27000001072883606
pmdec_em = 0.05999999865889549
pmdec_ep = 0.05999999865889549
pmdec_ref = "MV2020"
radial_velocity = -128.89999389648438
radial_velocity_em = 1.2000000476837158
radial_velocity_ep = 1.2000000476837158
radial_velocity_ref = "MV2020"
sigma_v = 4.599999904632568
sigma_v_em = 1.0
sigma_v_ep = 1.0
sigma_v_ref = "MV2020"
position_angle = 10.0
position_angle_em = 11.0
position_angle_ep = 11.0
postiion_angle_ref = "MV2020"
ellipticity = 0.46000000834465027
ellipticity_em = 0.10999999940395355
ellipticity_ep = 0.10999999940395355
ellipticity_ref = "MV2020"
Mv = -5.170000076293945
Mv_em = 0.3799999952316284
Mv_ep = 0.3799999952316284
mv = 15.850000381469727
mv_em = 0.3199999928474426
mv_ep = 0.3199999928474426
mv_ref = "MV2020"
rh = 1.5099999904632568
rh_em = 0.23000000417232513
rh_ep = 0.23000000417232513
rh_ref = "MV2020"
metallicity = -2.2100000381469727
metallicity_em = 0.05000000074505806
metallicity_ep = 0.05000000074505806
metallicity_ref = "MV2020"
MV2020_references = "(33)(8)(98)(130)(179)(180)(255)(266)(267)"
