ra = 35.68958333333334
ra_em = 0.0
ra_ep = 0.0
ra_ref = "MV2020"
dec = -52.28361111111111
dec_em = 0.0
dec_ep = 0.0
dec_ref = "MV2020"
distance = 87.09636688232422
distance_em = 7.6635284423828125
distance_ep = 8.402999877929688
distance_modulus = 19.700000762939453
distance_modulus_em = 0.20000000298023224
distance_modulus_ep = 0.20000000298023224
distance_ref = "MV2020"
pmra = 1.0800000429153442
pmra_em = 0.44999998807907104
pmra_ep = 0.14000000059604645
pmra_ref = "MV2020"
pmdec = -0.49000000953674316
pmdec_em = 0.12999999523162842
pmdec_ep = 0.17000000178813934
pmdec_ref = "MV2020"
radial_velocity = nan
radial_velocity_em = nan
radial_velocity_ep = nan
radial_velocity_ref = "MV2020"
sigma_v = nan
sigma_v_em = nan
sigma_v_ep = nan
sigma_v_ref = "MV2020"
position_angle = 62.0
position_angle_em = 11.0
position_angle_ep = 11.0
postiion_angle_ref = "MV2020"
ellipticity = 0.3199999928474426
ellipticity_em = 0.12999999523162842
ellipticity_ep = 0.12999999523162842
ellipticity_ref = "MV2020"
Mv = -2.3700008392333984
Mv_em = 1.0600000619888306
Mv_ep = 1.0600000619888306
mv = 17.329999923706055
mv_em = 0.8600000143051147
mv_ep = 0.8600000143051147
mv_ref = "MV2020"
rh = 0.28999999165534973
rh_em = 0.23000000417232513
rh_ep = 0.23000000417232513
rh_ref = "MV2020"
metallicity = nan
metallicity_em = nan
metallicity_ep = nan
metallicity_ref = "MV2020"
MV2020_references = "(226)(227)(255)(266)(267)"
