ra = 53.92541666666666
ra_em = 0.0
ra_ep = 0.0
ra_ref = "MV2020"
dec = -54.049166666666665
dec_em = 0.0
dec_ep = 0.0
dec_ref = "MV2020"
distance = 30.19951820373535
distance_em = 2.657257080078125
distance_ep = 2.9135913848876953
distance_modulus = 17.399999618530273
distance_modulus_em = 0.20000000298023224
distance_modulus_ep = 0.20000000298023224
distance_ref = "MV2020"
pmra = 2.390000104904175
pmra_em = 0.009999999776482582
pmra_ep = 0.009999999776482582
pmra_ref = "MV2020"
pmdec = -1.3600000143051147
pmdec_em = 0.019999999552965164
pmdec_ep = 0.019999999552965164
pmdec_ref = "MV2020"
radial_velocity = 64.69999694824219
radial_velocity_em = 0.800000011920929
radial_velocity_ep = 1.2999999523162842
radial_velocity_ref = "MV2020"
sigma_v = 3.2200000286102295
sigma_v_em = 0.49000000953674316
sigma_v_ep = 1.6399999856948853
sigma_v_ref = "MV2020"
position_angle = 69.0
position_angle_em = 2.0
position_angle_ep = 2.0
postiion_angle_ref = "MV2020"
ellipticity = 0.5600000023841858
ellipticity_em = 0.029999999329447746
ellipticity_ep = 0.029999999329447746
ellipticity_ref = "MV2020"
Mv = -3.8799991607666016
Mv_em = 0.5799999833106995
Mv_ep = 0.5799999833106995
mv = 13.520000457763672
mv_em = 0.3799999952316284
mv_ep = 0.3799999952316284
mv_ref = "MV2020"
rh = 5.590000152587891
rh_em = 0.20999999344348907
rh_ep = 0.20999999344348907
rh_ref = "MV2020"
metallicity = -2.4600000381469727
metallicity_em = 0.10000000149011612
metallicity_ep = 0.09000000357627869
metallicity_ref = "MV2020"
MV2020_references = "(226)(227)(254)(255)(266)(267)"
