ra = 162.3375
ra_em = 0.0
ra_ep = 0.0
ra_ref = "MV2020"
dec = 51.05
dec_em = 0.0
dec_ep = 0.0
dec_ref = "MV2020"
distance = 38.0189323425293
distance_em = 6.396156311035156
distance_ep = 7.689868927001953
distance_modulus = 17.899999618530273
distance_modulus_em = 0.4000000059604645
distance_modulus_ep = 0.4000000059604645
distance_ref = "MV2020"
pmra = 0.20999999344348907
pmra_em = 0.05999999865889549
pmra_ep = 0.05999999865889549
pmra_ref = "MV2020"
pmdec = -1.0800000429153442
pmdec_em = 0.09000000357627869
pmdec_ep = 0.09000000357627869
pmdec_ref = "MV2020"
radial_velocity = -12.300000190734863
radial_velocity_em = 2.5
radial_velocity_ep = 2.5
radial_velocity_ref = "MV2020"
sigma_v = 4.300000190734863
sigma_v_em = 1.2999999523162842
sigma_v_ep = 2.299999952316284
sigma_v_ref = "MV2020"
position_angle = 74.0
position_angle_em = 4.0
position_angle_ep = 4.0
postiion_angle_ref = "MV2020"
ellipticity = 0.4699999988079071
ellipticity_em = 0.05999999865889549
ellipticity_ep = 0.05999999865889549
ellipticity_ref = "MV2020"
Mv = -2.5299997329711914
Mv_em = 1.1399999856948853
Mv_ep = 1.1399999856948853
mv = 15.369999885559082
mv_em = 0.7400000095367432
mv_ep = 0.7400000095367432
mv_ref = "MV2020"
rh = 2.5299999713897705
rh_em = 0.2199999988079071
rh_ep = 0.2199999988079071
rh_ref = "MV2020"
metallicity = -2.0999999046325684
metallicity_em = nan
metallicity_ep = nan
metallicity_ref = "MV2020"
MV2020_references = "(12)(13)(98)(130)(181)(255)(266)(267)"
