ra = 56.08791666666667
ra_em = 0.0
ra_ep = 0.0
ra_ref = "MV2020"
dec = -43.53333333333333
dec_em = 0.0
dec_ep = 0.0
dec_ref = "MV2020"
distance = 380.1893310546875
distance_em = 33.4525146484375
distance_ep = 36.679931640625
distance_modulus = 22.899999618530273
distance_modulus_em = 0.20000000298023224
distance_modulus_ep = 0.20000000298023224
distance_ref = "MV2020"
pmra = 0.20999999344348907
pmra_em = 0.09000000357627869
pmra_ep = 0.09000000357627869
pmra_ref = "MV2020"
pmdec = -0.05000000074505806
pmdec_em = 0.10999999940395355
pmdec_ep = 0.10999999940395355
pmdec_ref = "MV2020"
radial_velocity = 75.5999984741211
radial_velocity_em = 3.299999952316284
radial_velocity_ep = 3.299999952316284
radial_velocity_ref = "MV2020"
sigma_v = 6.900000095367432
sigma_v_em = 0.8999999761581421
sigma_v_ep = 1.2000000476837158
sigma_v_ref = "MV2020"
position_angle = 82.0
position_angle_em = 7.0
position_angle_ep = 7.0
postiion_angle_ref = "MV2020"
ellipticity = 0.3700000047683716
ellipticity_em = 0.05999999865889549
ellipticity_ep = 0.05999999865889549
ellipticity_ref = "MV2020"
Mv = -7.210000038146973
Mv_em = 0.2900000214576721
Mv_ep = 0.2900000214576721
mv = 15.6899995803833
mv_em = 0.09000000357627869
mv_ep = 0.09000000357627869
mv_ref = "MV2020"
rh = 1.809999942779541
rh_em = 0.17000000178813934
rh_ep = 0.17000000178813934
rh_ref = "MV2020"
metallicity = -2.380000114440918
metallicity_em = 0.12999999523162842
metallicity_ep = 0.12999999523162842
metallicity_ref = "MV2020"
MV2020_references = "(226)(227)(250)(255)(266)(267)"
