ra = 27.77625
ra_em = 0.0
ra_ep = 0.0
ra_ref = "MV2020"
dec = -44.44472222222222
dec_em = 0.0
dec_ep = 0.0
dec_ref = "MV2020"
distance = 409.2606506347656
distance_em = 22.003173828125
distance_ep = 23.253326416015625
distance_modulus = 23.059999465942383
distance_modulus_em = 0.11999999731779099
distance_modulus_ep = 0.11999999731779099
distance_ref = "MV2020"
pmra = 0.09000000357627869
pmra_em = 0.029999999329447746
pmra_ep = 0.029999999329447746
pmra_ref = "MV2020"
pmdec = -0.07000000029802322
pmdec_em = 0.03999999910593033
pmdec_ep = 0.03999999910593033
pmdec_ref = "MV2020"
radial_velocity = -21.200000762939453
radial_velocity_em = 1.0
radial_velocity_ep = 1.0
radial_velocity_ref = "MV2020"
sigma_v = 9.300000190734863
sigma_v_em = 0.699999988079071
sigma_v_ep = 0.699999988079071
sigma_v_ref = "MV2020"
position_angle = 8.0
position_angle_em = 4.0
position_angle_ep = 4.0
postiion_angle_ref = "MV2020"
ellipticity = 0.30000001192092896
ellipticity_em = 0.029999999329447746
ellipticity_ep = 0.029999999329447746
ellipticity_ref = "MV2020"
Mv = -9.859999656677246
Mv_em = 0.5199999809265137
Mv_ep = 0.5199999809265137
mv = 13.199999809265137
mv_em = 0.4000000059604645
mv_ep = 0.4000000059604645
mv_ref = "MV2020"
rh = 2.299999952316284
rh_em = 0.07000000029802322
rh_ep = 0.07000000029802322
rh_ref = "MV2020"
metallicity = -1.4900000095367432
metallicity_em = 0.03999999910593033
metallicity_ep = 0.03999999910593033
metallicity_ref = "MV2020"
MV2020_references = "(64)(65)(108)(109)(150)(263)(264)(266)(267)"
