ra = 209.5
ra_em = 0.0
ra_ep = 0.0
ra_ref = "MV2020"
dec = 12.85
dec_em = 0.0
dec_ep = 0.0
dec_ref = "MV2020"
distance = 41.686927795410156
distance_em = 1.13604736328125
distance_ep = 1.1679229736328125
distance_modulus = 18.100000381469727
distance_modulus_em = 0.05999999865889549
distance_modulus_ep = 0.05999999865889549
distance_ref = "MV2020"
pmra = -2.3299999237060547
pmra_em = 0.07999999821186066
pmra_ep = 0.09000000357627869
pmra_ref = "MV2020"
pmdec = -0.4099999964237213
pmdec_em = 0.05999999865889549
pmdec_ep = 0.05999999865889549
pmdec_ref = "MV2020"
radial_velocity = -117.0
radial_velocity_em = 5.199999809265137
radial_velocity_ep = 5.199999809265137
radial_velocity_ref = "MV2020"
sigma_v = 10.5
sigma_v_em = 7.400000095367432
sigma_v_ep = 7.400000095367432
sigma_v_ref = "MV2020"
position_angle = -70.0
position_angle_em = 27.0
position_angle_ep = 27.0
postiion_angle_ref = "MV2020"
ellipticity = 0.23999999463558197
ellipticity_em = 0.11999999731779099
ellipticity_ep = 0.11999999731779099
ellipticity_ref = "MV2020"
Mv = -2.940000534057617
Mv_em = 0.800000011920929
Mv_ep = 0.800000011920929
mv = 15.15999984741211
mv_em = 0.7400000095367432
mv_ep = 0.7400000095367432
mv_ref = "MV2020"
rh = 3.049999952316284
rh_em = 0.44999998807907104
rh_ep = 0.44999998807907104
rh_ref = "MV2020"
metallicity = -1.7899999618530273
metallicity_em = 0.05000000074505806
metallicity_ep = 0.05000000074505806
metallicity_ref = "MV2020"
MV2020_references = "(9)(10)(98)(130)(255)(266)(267)"
