ra = 153.2625
ra_em = 0.0
ra_ep = 0.0
ra_ref = "MV2020"
dec = -1.6147222222222224
dec_em = 0.0
dec_ep = 0.0
dec_ref = "MV2020"
distance = 85.90135192871094
distance_em = 3.8661880493164062
distance_ep = 4.048408508300781
distance_modulus = 19.670000076293945
distance_modulus_em = 0.10000000149011612
distance_modulus_ep = 0.10000000149011612
distance_ref = "MV2020"
pmra = -0.4099999964237213
pmra_em = 0.009999999776482582
pmra_ep = 0.009999999776482582
pmra_ref = "MV2020"
pmdec = 0.03999999910593033
pmdec_em = 0.009999999776482582
pmdec_ep = 0.009999999776482582
pmdec_ref = "MV2020"
radial_velocity = 224.1999969482422
radial_velocity_em = 0.10000000149011612
radial_velocity_ep = 0.10000000149011612
radial_velocity_ref = "MV2020"
sigma_v = 7.900000095367432
sigma_v_em = 1.2999999523162842
sigma_v_ep = 1.2999999523162842
sigma_v_ref = "MV2020"
position_angle = 56.0
position_angle_em = 5.0
position_angle_ep = 5.0
postiion_angle_ref = "MV2020"
ellipticity = 0.3499999940395355
ellipticity_em = 0.05000000074505806
ellipticity_ep = 0.05000000074505806
ellipticity_ref = "MV2020"
Mv = -9.270000457763672
Mv_em = 0.6000000238418579
Mv_ep = 0.6000000238418579
mv = 10.399999618530273
mv_em = 0.5
mv_ep = 0.5
mv_ref = "MV2020"
rh = 27.799999237060547
rh_em = 1.2000000476837158
rh_ep = 1.2000000476837158
rh_ref = "MV2020"
metallicity = -1.9299999475479126
metallicity_em = 0.009999999776482582
metallicity_ep = 0.009999999776482582
metallicity_ref = "MV2020"
MV2020_references = "(27)(26)(100)(136)(130)(180)(266)(267)"
