ra = 354.35
ra_em = 0.0
ra_ep = 0.0
ra_ref = "MV2020"
dec = -63.269999999999996
dec_em = 0.0
dec_ep = 0.0
dec_ref = "MV2020"
distance = 55.20769500732422
distance_em = 8.001415252685547
distance_ep = 9.357719421386719
distance_modulus = 18.709999084472656
distance_modulus_em = 0.3400000035762787
distance_modulus_ep = 0.3400000035762787
distance_ref = "MV2020"
pmra = -0.14000000059604645
pmra_em = 0.05000000074505806
pmra_ep = 0.05999999865889549
pmra_ref = "MV2020"
pmdec = -1.149999976158142
pmdec_em = 0.05999999865889549
pmdec_ep = 0.07999999821186066
pmdec_ref = "MV2020"
radial_velocity = -36.29999923706055
radial_velocity_em = 2.200000047683716
radial_velocity_ep = 2.5
radial_velocity_ref = "MV2020"
sigma_v = nan
sigma_v_em = nan
sigma_v_ep = nan
sigma_v_ref = "MV2020"
position_angle = 29.0
position_angle_em = 11.0
position_angle_ep = 11.0
postiion_angle_ref = "MV2020"
ellipticity = 0.5099999904632568
ellipticity_em = 0.18000000715255737
ellipticity_ep = 0.09000000357627869
ellipticity_ref = "MV2020"
Mv = -1.6099987030029297
Mv_em = 0.8400000333786011
Mv_ep = 0.8400000333786011
mv = 17.100000381469727
mv_em = 0.5
mv_ep = 0.5
mv_ref = "MV2020"
rh = 2.0999999046325684
rh_em = 0.4000000059604645
rh_ep = 0.6000000238418579
rh_ref = "MV2020"
metallicity = -2.1700000762939453
metallicity_em = 0.23000000417232513
metallicity_ep = 0.23000000417232513
metallicity_ref = "MV2020"
MV2020_references = "(232)(262)(266)(267)"
