ra = 100.40291666666667
ra_em = 0.0
ra_ep = 0.0
ra_ref = "MV2020"
dec = -50.96611111111111
dec_em = 0.0
dec_ep = 0.0
dec_ref = "MV2020"
distance = 105.1962661743164
distance_em = 6.113006591796875
distance_ep = 6.490020751953125
distance_modulus = 20.110000610351562
distance_modulus_em = 0.12999999523162842
distance_modulus_ep = 0.12999999523162842
distance_ref = "MV2020"
pmra = 0.5299999713897705
pmra_em = 0.009999999776482582
pmra_ep = 0.009999999776482582
pmra_ref = "MV2020"
pmdec = 0.11999999731779099
pmdec_em = 0.009999999776482582
pmdec_ep = 0.009999999776482582
pmdec_ref = "MV2020"
radial_velocity = 222.89999389648438
radial_velocity_em = 0.10000000149011612
radial_velocity_ep = 0.10000000149011612
radial_velocity_ref = "MV2020"
sigma_v = 6.599999904632568
sigma_v_em = 1.2000000476837158
sigma_v_ep = 1.2000000476837158
sigma_v_ref = "MV2020"
position_angle = 60.0
position_angle_em = 1.0
position_angle_ep = 1.0
postiion_angle_ref = "MV2020"
ellipticity = 0.3700000047683716
ellipticity_em = 0.009999999776482582
ellipticity_ep = 0.009999999776482582
ellipticity_ref = "MV2020"
Mv = -9.430000305175781
Mv_em = 0.17999999225139618
Mv_ep = 0.17999999225139618
mv = 10.680000305175781
mv_em = 0.05000000074505806
mv_ep = 0.05000000074505806
mv_ref = "MV2020"
rh = 11.430000305175781
rh_em = 0.11999999731779099
rh_ep = 0.11999999731779099
rh_ref = "MV2020"
metallicity = -1.7200000286102295
metallicity_em = 0.009999999776482582
metallicity_ep = 0.009999999776482582
metallicity_ref = "MV2020"
MV2020_references = "(29)(26)(100)(136)(130)(190)(255)(266)(267)"
