ra = 185.42541666666665
ra_em = 0.0
ra_ep = 0.0
ra_ref = "MV2020"
dec = -31.985277777777778
dec_em = 0.0
dec_ep = 0.0
dec_ref = "MV2020"
distance = 134.27642822265625
distance_em = 9.538154602050781
distance_ep = 10.267501831054688
distance_modulus = 20.639999389648438
distance_modulus_em = 0.1599999964237213
distance_modulus_ep = 0.1599999964237213
distance_ref = "MV2020"
pmra = -0.3400000035762787
pmra_em = 0.10000000149011612
pmra_ep = 0.10000000149011612
pmra_ref = "MV2020"
pmdec = -0.09000000357627869
pmdec_em = 0.09000000357627869
pmdec_ep = 0.07999999821186066
pmdec_ref = "MV2020"
radial_velocity = 303.1000061035156
radial_velocity_em = 1.399999976158142
radial_velocity_ep = 1.399999976158142
radial_velocity_ref = "MV2020"
sigma_v = nan
sigma_v_em = nan
sigma_v_ep = nan
sigma_v_ref = "MV2020"
position_angle = 29.0
position_angle_em = 25.0
position_angle_ep = 25.0
postiion_angle_ref = "MV2020"
ellipticity = 0.17000000178813934
ellipticity_em = 0.12999999523162842
ellipticity_ep = 0.12999999523162842
ellipticity_ref = "MV2020"
Mv = -4.599998474121094
Mv_em = 0.5299999713897705
Mv_ep = 0.5299999713897705
mv = 16.040000915527344
mv_em = 0.3700000047683716
mv_ep = 0.3700000047683716
mv_ref = "MV2020"
rh = 1.5
rh_em = 0.3199999928474426
rh_ep = 0.3199999928474426
rh_ref = "MV2020"
metallicity = -2.0199999809265137
metallicity_em = 0.07999999821186066
metallicity_ep = 0.07999999821186066
metallicity_ref = "MV2020"
MV2020_references = "(222)(223)(255)(266)(267)"
