ra = 359.15000000000003
ra_em = 0.0
ra_ep = 0.0
ra_ref = "MV2020"
dec = -59.6
dec_em = 0.0
dec_ep = 0.0
dec_ref = "MV2020"
distance = 25.234804153442383
distance_em = 1.7925224304199219
distance_ep = 1.9295902252197266
distance_modulus = 17.010000228881836
distance_modulus_em = 0.1599999964237213
distance_modulus_ep = 0.1599999964237213
distance_ref = "MV2020"
pmra = -0.07999999821186066
pmra_em = 0.009999999776482582
pmra_ep = 0.009999999776482582
pmra_ref = "MV2020"
pmdec = -1.6200000047683716
pmdec_em = 0.019999999552965164
pmdec_ep = 0.019999999552965164
pmdec_ref = "MV2020"
radial_velocity = -102.30000305175781
radial_velocity_em = 2.4000000953674316
radial_velocity_ep = 2.4000000953674316
radial_velocity_ref = "MV2020"
sigma_v = 0.10000000149011612
sigma_v_em = 0.10000000149011612
sigma_v_ep = 0.699999988079071
sigma_v_ref = "MV2020"
position_angle = nan
position_angle_em = nan
position_angle_ep = nan
postiion_angle_ref = "MV2020"
ellipticity = nan
ellipticity_em = nan
ellipticity_ep = nan
ellipticity_ref = "MV2020"
Mv = -2.4099998474121094
Mv_em = 0.5600000023841858
Mv_ep = 0.5600000023841858
mv = 14.600000381469727
mv_em = 0.4000000059604645
mv_ep = 0.4000000059604645
mv_ref = "MV2020"
rh = 6.0
rh_em = 0.6000000238418579
rh_ep = 0.800000011920929
rh_ref = "MV2020"
metallicity = -2.4200000762939453
metallicity_em = 0.07999999821186066
metallicity_ep = 0.07000000029802322
metallicity_ref = "MV2020"
MV2020_references = "(232)(253)(266)(267)"
