ra = 180.03791666666666
ra_em = 0.0
ra_ep = 0.0
ra_ref = "MV2020"
dec = 0.6809999999999999
dec_em = 0.0
dec_ep = 0.0
dec_ref = "MV2020"
distance = 91.20109558105469
distance_em = 4.104820251464844
distance_ep = 8.798904418945312
distance_modulus = 19.799999237060547
distance_modulus_em = 0.10000000149011612
distance_modulus_ep = 0.20000000298023224
distance_ref = "MV2020"
pmra = -0.3199999928474426
pmra_em = 0.14000000059604645
pmra_ep = 0.14000000059604645
pmra_ref = "MV2020"
pmdec = -0.6200000047683716
pmdec_em = 0.07999999821186066
pmdec_ep = 0.10000000149011612
pmdec_ref = "MV2020"
radial_velocity = nan
radial_velocity_em = nan
radial_velocity_ep = nan
radial_velocity_ref = "MV2020"
sigma_v = nan
sigma_v_em = nan
sigma_v_ep = nan
sigma_v_ref = "MV2020"
position_angle = 62.0
position_angle_em = 13.0
position_angle_ep = 8.0
postiion_angle_ref = "MV2020"
ellipticity = 0.5899999737739563
ellipticity_em = 0.14000000059604645
ellipticity_ep = 0.11999999731779099
ellipticity_ref = "MV2020"
Mv = -0.3299999237060547
Mv_em = 1.0700000524520874
Mv_ep = 0.8500000238418579
mv = 19.469999313354492
mv_em = 0.8700000047683716
mv_ep = 0.75
mv_ref = "MV2020"
rh = 1.7599999904632568
rh_em = 0.4000000059604645
rh_ep = 0.49000000953674316
rh_ref = "MV2020"
metallicity = nan
metallicity_em = nan
metallicity_ep = nan
metallicity_ref = "MV2020"
MV2020_references = "(242)(241)(266)(267)"
