ra = 172.79000000000002
ra_em = 0.0
ra_ep = 0.0
ra_ref = "MV2020"
dec = 2.22
dec_em = 0.0
dec_ep = 0.0
dec_ref = "MV2020"
distance = 195.88438415527344
distance_em = 13.914398193359375
distance_ep = 14.978378295898438
distance_modulus = 21.459999084472656
distance_modulus_em = 0.1599999964237213
distance_modulus_ep = 0.1599999964237213
distance_ref = "MV2020"
pmra = -0.05999999865889549
pmra_em = 0.09000000357627869
pmra_ep = 0.09000000357627869
pmra_ref = "MV2020"
pmdec = -0.25
pmdec_em = 0.07999999821186066
pmdec_ep = 0.09000000357627869
pmdec_ref = "MV2020"
radial_velocity = 173.3000030517578
radial_velocity_em = 3.0999999046325684
radial_velocity_ep = 3.0999999046325684
radial_velocity_ref = "MV2020"
sigma_v = 3.700000047683716
sigma_v_em = 1.399999976158142
sigma_v_ep = 2.299999952316284
sigma_v_ref = "MV2020"
position_angle = -65.0
position_angle_em = 21.0
position_angle_ep = 21.0
postiion_angle_ref = "MV2020"
ellipticity = 0.3499999940395355
ellipticity_em = 0.07000000029802322
ellipticity_ep = 0.07000000029802322
ellipticity_ref = "MV2020"
Mv = -4.60999870300293
Mv_em = 0.5199999809265137
Mv_ep = 0.5199999809265137
mv = 16.850000381469727
mv_em = 0.36000001430511475
mv_ep = 0.36000001430511475
mv_ref = "MV2020"
rh = 1.0
rh_em = 0.2199999988079071
rh_ep = 0.2199999988079071
rh_ref = "MV2020"
metallicity = -2.0
metallicity_em = 0.20000000298023224
metallicity_ep = 0.20000000298023224
metallicity_ref = "MV2020"
MV2020_references = "(34)(34)(101)(139)(130)(255)(258)(266)(267)"
