ra = 143.88666666666666
ra_em = 0.0
ra_ep = 0.0
ra_ref = "MV2020"
dec = -36.76722222222222
dec_em = 0.0
dec_ep = 0.0
dec_ref = "MV2020"
distance = 131.8256378173828
distance_em = 6.511505126953125
distance_ep = 6.850006103515625
distance_modulus = 20.600000381469727
distance_modulus_em = 0.10999999940395355
distance_modulus_ep = 0.10999999940395355
distance_ref = "MV2020"
pmra = -0.09000000357627869
pmra_em = 0.009999999776482582
pmra_ep = 0.009999999776482582
pmra_ref = "MV2020"
pmdec = 0.11999999731779099
pmdec_em = 0.009999999776482582
pmdec_ep = 0.009999999776482582
pmdec_ref = "MV2020"
radial_velocity = 290.70001220703125
radial_velocity_em = 0.5
radial_velocity_ep = 0.5
radial_velocity_ref = "MV2020"
sigma_v = 5.710000038146973
sigma_v_em = 1.0800000429153442
sigma_v_ep = 1.0800000429153442
sigma_v_ref = "MV2020"
position_angle = 156.0
position_angle_em = 6.0
position_angle_ep = 6.0
postiion_angle_ref = "MV2020"
ellipticity = 0.3799999952316284
ellipticity_em = 0.07999999821186066
ellipticity_ep = 0.07999999821186066
ellipticity_ref = "MV2020"
Mv = -9.030000686645508
Mv_em = 0.25999999046325684
Mv_ep = 0.25999999046325684
mv = 11.569999694824219
mv_em = 0.15000000596046448
mv_ep = 0.15000000596046448
mv_ref = "MV2020"
rh = 76.19999694824219
rh_em = 7.199999809265137
rh_ep = 7.199999809265137
rh_ref = "MV2020"
metallicity = -1.3600000143051147
metallicity_em = 0.03999999910593033
metallicity_ep = 0.03999999910593033
metallicity_ref = "MV2020"
MV2020_references = "(236)(266)(267)"
