ra = 202.01458333333332
ra_em = 0.0
ra_ep = 0.0
ra_ref = "MV2020"
dec = 33.55583333333333
dec_em = 0.0
dec_ep = 0.0
dec_ref = "MV2020"
distance = 217.77113342285156
distance_em = 9.801544189453125
distance_ep = 10.263214111328125
distance_modulus = 21.690000534057617
distance_modulus_em = 0.10000000149011612
distance_modulus_ep = 0.10000000149011612
distance_ref = "MV2020"
pmra = -0.10999999940395355
pmra_em = 0.019999999552965164
pmra_ep = 0.019999999552965164
pmra_ref = "MV2020"
pmdec = -0.11999999731779099
pmdec_em = 0.019999999552965164
pmdec_ep = 0.019999999552965164
pmdec_ref = "MV2020"
radial_velocity = 30.899999618530273
radial_velocity_em = 0.6000000238418579
radial_velocity_ep = 0.6000000238418579
radial_velocity_ref = "MV2020"
sigma_v = 7.599999904632568
sigma_v_em = 0.4000000059604645
sigma_v_ep = 0.4000000059604645
sigma_v_ref = "MV2020"
position_angle = 70.0
position_angle_em = 4.0
position_angle_ep = 4.0
postiion_angle_ref = "MV2020"
ellipticity = 0.38999998569488525
ellipticity_em = 0.029999999329447746
ellipticity_ep = 0.029999999329447746
ellipticity_ref = "MV2020"
Mv = -8.59000015258789
Mv_em = 0.30000001192092896
Mv_ep = 0.30000001192092896
mv = 13.100000381469727
mv_em = 0.20000000298023224
mv_ep = 0.20000000298023224
mv_ref = "MV2020"
rh = 8.899999618530273
rh_em = 0.4000000059604645
rh_ep = 0.4000000059604645
rh_ref = "MV2020"
metallicity = -1.9800000190734863
metallicity_em = 0.009999999776482582
metallicity_ep = 0.009999999776482582
metallicity_ref = "MV2020"
MV2020_references = "(36)(8)(98)(130)(179)(180)(266)(267)"
