ra = 344.62916666666666
ra_em = 0.0
ra_ep = 0.0
ra_ref = "MV2020"
dec = 5.952500000000001
dec_em = 0.0
dec_ep = 0.0
dec_ref = "MV2020"
distance = 182.81005859375
distance_em = 13.766082763671875
distance_ep = 14.88690185546875
distance_modulus = 21.309999465942383
distance_modulus_em = 0.17000000178813934
distance_modulus_ep = 0.17000000178813934
distance_ref = "MV2020"
pmra = 0.10999999940395355
pmra_em = 0.10999999940395355
pmra_ep = 0.10999999940395355
pmra_ref = "MV2020"
pmdec = -0.23999999463558197
pmdec_em = 0.10999999940395355
pmdec_ep = 0.11999999731779099
pmdec_ref = "MV2020"
radial_velocity = -226.5
radial_velocity_em = 2.700000047683716
radial_velocity_ep = 2.700000047683716
radial_velocity_ref = "MV2020"
sigma_v = 5.400000095367432
sigma_v_em = 2.4000000953674316
sigma_v_ep = 3.5999999046325684
sigma_v_ref = "MV2020"
position_angle = 99.0
position_angle_em = 13.0
position_angle_ep = 13.0
postiion_angle_ref = "MV2020"
ellipticity = 0.4000000059604645
ellipticity_em = 0.10000000149011612
ellipticity_ep = 0.10000000149011612
ellipticity_ref = "MV2020"
Mv = -4.229999542236328
Mv_em = 0.550000011920929
Mv_ep = 0.550000011920929
mv = 17.079999923706055
mv_em = 0.3799999952316284
mv_ep = 0.3799999952316284
mv_ref = "MV2020"
rh = 1.2200000286102295
rh_em = 0.20000000298023224
rh_ep = 0.20000000298023224
rh_ref = "MV2020"
metallicity = -2.450000047683716
metallicity_em = 0.07000000029802322
metallicity_ep = 0.07000000029802322
metallicity_ref = "MV2020"
MV2020_references = "(35)(223)(255)(258)(266)(267)"
