ra = 344.1766666666667
ra_em = 0.0
ra_ep = 0.0
ra_ref = "MV2020"
dec = -50.163333333333334
dec_em = 0.0
dec_ep = 0.0
dec_ref = "MV2020"
distance = 120.22642517089844
distance_em = 10.57861328125
distance_ep = 11.599212646484375
distance_modulus = 20.399999618530273
distance_modulus_em = 0.20000000298023224
distance_modulus_ep = 0.20000000298023224
distance_ref = "MV2020"
pmra = 0.07000000029802322
pmra_em = 0.05000000074505806
pmra_ep = 0.05000000074505806
pmra_ref = "MV2020"
pmdec = -0.28999999165534973
pmdec_em = 0.07000000029802322
pmdec_ep = 0.05999999865889549
pmdec_ref = "MV2020"
radial_velocity = -140.5
radial_velocity_em = 1.600000023841858
radial_velocity_ep = 2.4000000953674316
radial_velocity_ref = "MV2020"
sigma_v = 9.800000190734863
sigma_v_em = nan
sigma_v_ep = nan
sigma_v_ref = "MV2020"
position_angle = 11.0
position_angle_em = 32.0
position_angle_ep = 32.0
postiion_angle_ref = "MV2020"
ellipticity = 0.5400000214576721
ellipticity_em = 0.25999999046325684
ellipticity_ep = 0.25999999046325684
ellipticity_ref = "MV2020"
Mv = -3.469999313354492
Mv_em = 0.7899999618530273
Mv_ep = 0.7899999618530273
mv = 16.93000030517578
mv_em = 0.5899999737739563
mv_ep = 0.5899999737739563
mv_ref = "MV2020"
rh = 2.0799999237060547
rh_em = 0.8700000047683716
rh_ep = 0.8700000047683716
rh_ref = "MV2020"
metallicity = -1.4199999570846558
metallicity_em = 0.41999998688697815
metallicity_ep = 0.550000011920929
metallicity_ref = "MV2020"
MV2020_references = "(226)(252)(255)(266)(267)"
