ra = 143.7225
ra_em = 0.0
ra_ep = 0.0
ra_ref = "MV2020"
dec = 17.05138888888889
dec_em = 0.0
dec_ep = 0.0
dec_ref = "MV2020"
distance = 416.8692626953125
distance_em = 18.762176513671875
distance_ep = 19.64691162109375
distance_modulus = 23.100000381469727
distance_modulus_em = 0.10000000149011612
distance_modulus_ep = 0.10000000149011612
distance_ref = "MV2020"
pmra = 0.18000000715255737
pmra_em = 0.28999999165534973
pmra_ep = 0.2800000011920929
pmra_ref = "MV2020"
pmdec = -0.07999999821186066
pmdec_em = 0.1599999964237213
pmdec_ep = 0.17000000178813934
pmdec_ref = "MV2020"
radial_velocity = 38.099998474121094
radial_velocity_em = 2.0
radial_velocity_ep = 2.0
radial_velocity_ref = "MV2020"
sigma_v = 7.5
sigma_v_em = 1.600000023841858
sigma_v_ep = 1.600000023841858
sigma_v_ref = "MV2020"
position_angle = -107.0
position_angle_em = 16.0
position_angle_ep = 16.0
postiion_angle_ref = "MV2020"
ellipticity = 0.23000000417232513
ellipticity_em = 0.09000000357627869
ellipticity_ep = 0.09000000357627869
ellipticity_ref = "MV2020"
Mv = -7.600000381469727
Mv_em = 0.24000000953674316
Mv_ep = 0.24000000953674316
mv = 15.5
mv_em = 0.14000000059604645
mv_ep = 0.14000000059604645
mv_ref = "MV2020"
rh = 1.25
rh_em = 0.14000000059604645
rh_ep = 0.14000000059604645
rh_ref = "MV2020"
metallicity = -2.0199999809265137
metallicity_em = 0.05000000074505806
metallicity_ep = 0.05000000074505806
metallicity_ref = "MV2020"
MV2020_references = "(70)(8)(111)(153)(179)(180)(255)(266)(267)"
