ra = 177.31
ra_em = 0.0
ra_ep = 0.0
ra_ref = "MV2020"
dec = -18.413055555555555
dec_em = 0.0
dec_ep = 0.0
dec_ref = "MV2020"
distance = 117.48979949951172
distance_em = 1.0772018432617188
distance_ep = 1.0871734619140625
distance_modulus = 20.350000381469727
distance_modulus_em = 0.019999999552965164
distance_modulus_ep = 0.019999999552965164
distance_ref = "MV2020"
pmra = -0.07000000029802322
pmra_em = 0.019999999552965164
pmra_ep = 0.019999999552965164
pmra_ref = "MV2020"
pmdec = -0.10999999940395355
pmdec_em = 0.009999999776482582
pmdec_ep = 0.009999999776482582
pmdec_ref = "MV2020"
radial_velocity = 87.5
radial_velocity_em = 0.4000000059604645
radial_velocity_ep = 0.4000000059604645
radial_velocity_ref = "MV2020"
sigma_v = 2.700000047683716
sigma_v_em = 0.30000001192092896
sigma_v_ep = 0.30000001192092896
sigma_v_ref = "MV2020"
position_angle = 0.0
position_angle_em = nan
position_angle_ep = nan
postiion_angle_ref = "MV2020"
ellipticity = 0.05000000074505806
ellipticity_em = 0.05000000074505806
ellipticity_ep = 0.05000000074505806
ellipticity_ref = "MV2020"
Mv = -8.200000762939453
Mv_em = 0.12000000476837158
Mv_ep = 0.12000000476837158
mv = 12.149999618530273
mv_em = 0.10000000149011612
mv_ep = 0.10000000149011612
mv_ref = "MV2020"
rh = 31.200000762939453
rh_em = 2.5
rh_ep = 2.5
rh_ref = "MV2020"
metallicity = -1.9800000190734863
metallicity_em = 0.10000000149011612
metallicity_ep = 0.10000000149011612
metallicity_ref = "MV2020"
MV2020_references = "(245)(247)(266)(267)"
