ra = 173.23749999999998
ra_em = 0.0
ra_ep = 0.0
ra_ref = "MV2020"
dec = 0.5333333333333333
dec_em = 0.0
dec_ep = 0.0
dec_ref = "MV2020"
distance = 154.1701202392578
distance_em = 6.2592620849609375
distance_ep = 6.5241241455078125
distance_modulus = 20.940000534057617
distance_modulus_em = 0.09000000357627869
distance_modulus_ep = 0.09000000357627869
distance_ref = "MV2020"
pmra = -0.07999999821186066
pmra_em = 0.09000000357627869
pmra_ep = 0.09000000357627869
pmra_ref = "MV2020"
pmdec = -0.20999999344348907
pmdec_em = 0.07999999821186066
pmdec_ep = 0.07999999821186066
pmdec_ref = "MV2020"
radial_velocity = 132.3000030517578
radial_velocity_em = 1.399999976158142
radial_velocity_ep = 1.399999976158142
radial_velocity_ref = "MV2020"
sigma_v = 3.299999952316284
sigma_v_em = 1.7000000476837158
sigma_v_ep = 1.7000000476837158
sigma_v_ref = "MV2020"
position_angle = -29.0
position_angle_em = 27.0
position_angle_ep = 27.0
postiion_angle_ref = "MV2020"
ellipticity = 0.1899999976158142
ellipticity_em = 0.09000000357627869
ellipticity_ep = 0.09000000357627869
ellipticity_ref = "MV2020"
Mv = -4.9900007247924805
Mv_em = 0.3499999940395355
Mv_ep = 0.3499999940395355
mv = 15.949999809265137
mv_em = 0.25999999046325684
mv_ep = 0.25999999046325684
mv_ref = "MV2020"
rh = 2.609999895095825
rh_em = 0.3100000023841858
rh_ep = 0.3100000023841858
rh_ref = "MV2020"
metallicity = -2.5399999618530273
metallicity_em = 0.07000000029802322
metallicity_ep = 0.07000000029802322
metallicity_ref = "MV2020"
MV2020_references = "(32)(8)(101)(130)(179)(180)(255)(266)(267)"
