ra = 31.330833333333338
ra_em = 0.0
ra_ep = 0.0
ra_ref = "MV2020"
dec = -4.27
dec_em = 0.0
dec_ep = 0.0
dec_ref = "MV2020"
distance = 251.18870544433594
distance_em = 11.305343627929688
distance_ep = 24.234207153320312
distance_modulus = 22.0
distance_modulus_em = 0.10000000149011612
distance_modulus_ep = 0.20000000298023224
distance_ref = "MV2020"
pmra = 0.14000000059604645
pmra_em = 0.07999999821186066
pmra_ep = 0.07999999821186066
pmra_ref = "MV2020"
pmdec = -0.1599999964237213
pmdec_em = 0.07999999821186066
pmdec_ep = 0.07999999821186066
pmdec_ref = "MV2020"
radial_velocity = nan
radial_velocity_em = nan
radial_velocity_ep = nan
radial_velocity_ref = "MV2020"
sigma_v = nan
sigma_v_em = nan
sigma_v_ep = nan
sigma_v_ref = "MV2020"
position_angle = 101.0
position_angle_em = 6.0
position_angle_ep = 5.0
postiion_angle_ref = "MV2020"
ellipticity = 0.7599999904632568
ellipticity_em = 0.07999999821186066
ellipticity_ep = 0.05999999865889549
ellipticity_ref = "MV2020"
Mv = -2.450000762939453
Mv_em = 0.7599999904632568
Mv_ep = 0.6700000166893005
mv = 19.549999237060547
mv_em = 0.5600000023841858
mv_ep = 0.5699999928474426
mv_ref = "MV2020"
rh = 1.2300000190734863
rh_em = 0.1899999976158142
rh_ep = 0.41999998688697815
rh_ref = "MV2020"
metallicity = nan
metallicity_em = nan
metallicity_ep = nan
metallicity_ref = "MV2020"
MV2020_references = "(241)(266)(267)"
