ra = 152.1170833333333
ra_em = 0.0
ra_ep = 0.0
ra_ref = "MV2020"
dec = 12.30638888888889
dec_em = 0.0
dec_ep = 0.0
dec_ref = "MV2020"
distance = 253.51303100585938
distance_em = 14.731765747070312
distance_ep = 15.640350341796875
distance_modulus = 22.020000457763672
distance_modulus_em = 0.12999999523162842
distance_modulus_ep = 0.12999999523162842
distance_ref = "MV2020"
pmra = -0.05000000074505806
pmra_em = 0.009999999776482582
pmra_ep = 0.009999999776482582
pmra_ref = "MV2020"
pmdec = -0.10999999940395355
pmdec_em = 0.009999999776482582
pmdec_ep = 0.009999999776482582
pmdec_ref = "MV2020"
radial_velocity = 282.5
radial_velocity_em = 0.10000000149011612
radial_velocity_ep = 0.10000000149011612
radial_velocity_ref = "MV2020"
sigma_v = 9.199999809265137
sigma_v_em = 1.399999976158142
sigma_v_ep = 1.399999976158142
sigma_v_ref = "MV2020"
position_angle = 78.0
position_angle_em = 1.0
position_angle_ep = 1.0
postiion_angle_ref = "MV2020"
ellipticity = 0.30000001192092896
ellipticity_em = 0.009999999776482582
ellipticity_ep = 0.009999999776482582
ellipticity_ref = "MV2020"
Mv = -11.780000686645508
Mv_em = 0.4099999964237213
Mv_ep = 0.4099999964237213
mv = 10.239999771118164
mv_em = 0.2800000011920929
mv_ep = 0.2800000011920929
mv_ref = "MV2020"
rh = 3.299999952316284
rh_em = 0.029999999329447746
rh_ep = 0.029999999329447746
rh_ref = "MV2020"
metallicity = -1.4299999475479126
metallicity_em = 0.009999999776482582
metallicity_ep = 0.009999999776482582
metallicity_ref = "MV2020"
MV2020_references = "(38)(39)(100)(130)(180)(255)(266)(267)"
