break_radius_arcmin = 83.84090319829583
break_radius_kpc = 1.3857775026745542
