pericentre = 3.6141867262955136
apocentre = [100.5747984742752, 99.12961506991255, 99.1982544742796, 99.20817021411163, 98.74565651247524, 98.0512121737053]
period = 1.2693734900841345
idx_f = 180
idx_peri = 177
t_last_peri = 0.1415420898437496
ra_f = 210.29125361458605
dec_f = 27.6349263774292
distance_f = 46.362808499164565
pmra_f = -1.0311622260035744
pmdec_f = -0.7708645062818902
radial_velocity_f = -0.7708645062818902
theta0 = -83.03561069782532
idx_peris = [15, 42, 69, 96, 123, 150, 177, 204]
idx_apos = [29, 56, 83, 109, 136, 163, 190]
t_peris = [140.0048828125, 409.921875, 680.09765625, 950.0146484375, 1219.931640625, 1490.107421875, 1760.0244140625, 2029.94140625]
t_apos = [280.009765625, 549.9267578125, 820.1025390625, 1079.9267578125, 1350.1025390625, 1620.01953125, 1889.9365234375]
