"N per bin" = 54
"min binwidth" = 0.05
bins = [0.2808354738358832, 1.7581379185743593, 2.506735637408006, 3.218376601484806, 3.7323177571588615, 4.187729400851158, 4.698709669377903, 5.272038960449086, 5.9153250054228135, 6.637103819278259, 7.446952968348252, 8.355618658805524, 9.37515833228962, 10.519100660831773, 11.802625064113231, 13.24276313114194, 14.85862461909091, 16.671651028165485, 18.70590011728398, 20.98836513592189, 23.5493330081323, 26.42278622162681, 29.646853754740935, 33.26431702481079, 37.323177571588694, 41.87729400851166, 46.98709669377913, 52.72038960449096, 59.15325005422826, 66.37103819278273, 74.46952968348266, 83.55618658805541, 93.7515833228964, 105.1910066083179, 118.02625064113242, 132.42763131141947, 148.5862461909091, 166.71651028165476, 187.0590011728396, 209.88365135921856, 235.4933300813225, 264.22786221626745, 296.46853754740846, 332.6431702481067, 373.2317757158854, 418.77294008511467, 469.8709669377889, 527.2038960449066, 645.6988288405136]
pos_err = 0.016735305054500133
position_angle = 156.0
ellipticity = 0.3799999952316284
