n_sersic = 1.0104432824973375
n_sersic_em = 0.621079254448403
n_sersic_ep = 1.135064262271904
log_M_s_sersic = -1.0645614251437931
log_M_s_sersic_em = 0.3784311592436014
log_M_s_sersic_ep = 4.8405163675639375
log_R_h_sersic = 1.4425392158010342
log_R_h_sersic_em = 1.963336077169398
log_R_h_sersic_ep = 0.23268975122605662
log_Sigma_bg_sersic = -4.55778806747836
log_Sigma_bg_sersic_em = 2.902569300102261
log_Sigma_bg_sersic_ep = 2.751037770721632
"log_σ_sersic" = -1.6256108520338415
"log_σ_sersic_em" = 0.7475080323569603
"log_σ_sersic_ep" = 0.5256116353013514
chi2_sersic = 0.24425823468348357
lp_sersic = -10.082616534879797
num_params_sersic = 4
log_M_exp2d = 2.9913760287286246
log_M_exp2d_em = 0.10730371792319282
log_M_exp2d_ep = 0.15033308751801933
log_R_s_exp2d = 1.4001687280715684
log_R_s_exp2d_em = 0.11881416240410059
log_R_s_exp2d_ep = 0.1595127615588181
"log_σ_exp2d" = -1.6835135375606107
"log_σ_exp2d_em" = 0.7198676824472074
"log_σ_exp2d_ep" = 0.5107572979378106
chi2_exp2d = 0.05850488037092119
lp_exp2d = -3.16780955851537
num_params_exp2d = 2
log_M_exp2d_inner = 2.9878526315465255
log_M_exp2d_inner_em = 0.10143188883574084
log_M_exp2d_inner_ep = 0.15210421132175966
log_R_s_exp2d_inner = 1.3944375382485212
log_R_s_exp2d_inner_em = 0.11672836418198873
log_R_s_exp2d_inner_ep = 0.16306541375020034
"log_σ_exp2d_inner" = -1.6837206901811923
"log_σ_exp2d_inner_em" = 0.7212654457864631
"log_σ_exp2d_inner_ep" = 0.5147502049687982
chi2_exp2d_inner = 0.05775630315942814
lp_exp2d_inner = -3.165318418802418
num_params_exp2d_inner = 2
log_M_plummer = 3.006371888312403
log_M_plummer_em = 0.09445180938103626
log_M_plummer_ep = 0.12042421371293077
log_R_s_plummer = 1.6415500785156496
log_R_s_plummer_em = 0.10714286969547415
log_R_s_plummer_ep = 0.12335266615721796
"log_σ_plummer" = -1.6965957923814288
"log_σ_plummer_em" = 0.7450938583487647
"log_σ_plummer_ep" = 0.5308591311207203
chi2_plummer = 0.05748432900861034
lp_plummer = -3.573596511488939
num_params_plummer = 2
log_M_king = 3.015007061598799
log_M_king_em = 0.10681735665031322
log_M_king_ep = 0.14159864809011102
log_R_s_king = 1.4213890413852783
log_R_s_king_em = 0.14113979290277912
log_R_s_king_ep = 0.15432006195506354
c_king = 10.132306021695358
c_king_em = 2.77023828792049
c_king_ep = 3.385279349108112
"log_σ_king" = -1.6797956427904326
"log_σ_king_em" = 0.7347130521796814
"log_σ_king_ep" = 0.5158339315761782
chi2_king = 0.06116084463422261
lp_king = -3.121425152750253
num_params_king = 3
