lastmodel = "orbit_smallperi.4"
dJ = [0.22, 0.26, 0.01]
"dθ" = [-0.03, -0.02, 0.03]
Ji = [7.401931625647337, 39.26787236702756, -8.971135050142834]
"Θi" = [3.0404022539115534, 2.8472175023972084, 2.0474442222331506]
position_i = [-18.122909545898438, 77.22831726074219, 20.15411376953125]
velocity_i = [0.07072251290082932, 0.19364188611507416, -0.5560994148254395]
ra = 227.24200187512724
dec = 67.22209990383536
pmra = -0.15999997243923866
pmra_err = 0.017
pmdec = 0.05100001075131097
pmdec_err = 0.017
distance = 65.91700157076238
distance_err = 2.9
radial_velocity = -245.2580037810815
radial_velocity_err = 1.0
