theta0 = 60.53686679078131
idx_peris = [15, 41, 66, 91, 116, 141, 165, 190]
t_last_peri = 0.8016651123046881
apocentre = [77.88830433080221, 76.417594109907, 75.8816804611398, 75.82066547122501, 75.26585293410805, 75.15683668972798, 74.96660257203087, 75.0029156180978]
period = 1.175392009626116
pericentre = 29.969234367705614
idx_peri = 190
idx_f = 207
idx_apos = [28, 53, 78, 103, 128, 153, 178, 202]
t_peris = [140.0048828125, 400.087890625, 650.078125, 900.068359375, 1150.05859375, 1400.048828125, 1639.9462890625, 1889.9365234375]
dec0 = 67.36376853581883
distance_f = 64.46610794183263
ra0 = 229.70574422625518
t_apos = [269.9169921875, 519.9072265625, 769.8974609375, 1019.8876953125, 1269.8779296875, 1520.126953125, 1770.1171875, 2010.0146484375]
