break_radius_arcmin = 104.07981521658604
break_radius_kpc = 2.5726111272324363
