r_J = 66.49898440697706
r_J_kpc = 1.2082012666836492
peri = 17.005462190612242
r_break = 25
r_break_kpc = 0.3385837618114117
peri_required = 6.906307614857501
rho_mean_host_peri = 0.0009747428265201883
rho_mean_host_required = 0.0061103305653948696
