pericentre = 17.005462190612242
apocentre = 143.09702143905136
pericentres = [19.425960843219986, 17.711106674678966, 17.85648805355842, 17.439007331719033, 17.005462190612242]
apocentres = [145.0690269422365, 144.05918031123028, 143.50653158054473, 143.09702143905136]
period = 2.0342317592075894
idx_peris = [24, 67, 110, 153, 196]
idx_apos = [45, 89, 132, 175]
t_peris = [230.0634765625, 659.912109375, 1090.01953125, 1520.126953125, 1949.9755859375]
t_apos = [439.94140625, 879.8828125, 1309.990234375, 1740.09765625]
idx_f = 200
idx_peri = 196
t_last_peri = 0.18912951660156274
t_f_gyr = 9.383264404296874
ra_f = 206.76190425395166
dec_f = 26.205653290776468
distance_f = 62.45945017115488
pmra_f = -0.9489912277616983
pmdec_f = -0.7775704821412661
radial_velocity_f = -0.7775704821412661
theta0 = -111.43135974796193
chi2_best = 17.394329373941193
chi2_best_interp = 4.929903935672855
