[sersic]
xi0 = -0.045314365818985125
xi0_em = 0.08884927690427125
xi0_ep = 0.08663508459370586
eta0 = 0.048771157523104375
eta0_em = 0.09086467786093701
eta0_ep = 0.09048661049226558
ell = 0.48698458323467875
ell_em = 0.021620049961560472
ell_ep = 0.014364711133554642
R_h = 15.240441113247076
R_h_em = 0.33034808519672865
R_h_ep = 0.46594366178467617
n = 1.6636169807967662
n_em = 0.050247663211053784
n_ep = 0.048757990862279055
"θ" = 51.05555062945164
"θ_em" = 1.1679135964233751
"θ_ep" = 1.3260686813927762

[exp2d]
xi0 = -0.009199427061172227
xi0_em = 0.09886613340317926
xi0_ep = 0.08460772530362512
eta0 = 0.04355479972326922
eta0_em = 0.08194095460135481
eta0_ep = 0.0950300281627939
ell = 0.464835900481752
ell_em = 0.015236717538466837
ell_ep = 0.012917316954023372
r_s = 10.506359731443037
r_s_em = 0.1580272593221519
r_s_ep = 0.18506968136446034
"θ" = 51.25096015933984
"θ_em" = 1.0465405921354147
"θ_ep" = 1.1931281203166435

[plummer]
xi0 = -0.004443175209432345
xi0_em = 0.09300455801151462
xi0_ep = 0.09341716718822302
eta0 = 0.06364891164541824
eta0_em = 0.0935419306421309
eta0_ep = 0.09441059023790686
ell = 0.4921214973461818
ell_em = 0.0209596047607013
ell_ep = 0.014158634770774392
r_s = 14.263207454309143
r_s_em = 0.2805767816421749
r_s_ep = 0.4135824538155912
"θ" = 51.090716829018206
"θ_em" = 1.0870562404097868
"θ_ep" = 1.4100801642369376
