name = "smallperi"
ra = 15.018300019793012
dec = -33.71860021964225
distance = 84.55600108886456
pmra = 0.17099999211733688
pmdec = -0.23499998753540835
radial_velocity = 111.44699755066475
distance_err = 4.0
pmra_err = 0.034
pmdec_err = 0.034
radial_velocity_err = 0.4
pericentre = 27.642749484850093
apocentre = 191.038310855724
t_apo_i = 1.9555933999999997
r_i = 84.65165648216929
x_i = -5.272388458251953
y_i = -9.60442066192627
z_i = -83.93962097167969
v_x_i = 12.355643075704576
v_y_i = 117.26354060173036
v_z_i = -89.79533609747887
