theta0 = -43.154628332201256
idx_peris = [21, 59, 97, 134]
t_last_peri = 1.7436521240234368
apocentre = [99.82457323138988, 99.0533819070349, 98.70945432897301]
period = 1.7726926562499998
pericentre = 51.76787274789529
idx_peri = 97
idx_f = 134
idx_apos = [40, 78, 115]
t_peris = [200.0439453125, 579.9462890625, 960.107421875, 1329.9169921875]
dec0 = -41.79237342917507
distance_f = 51.39702422782809
ra0 = 18.53783086935229
t_apos = [389.9951171875, 769.8974609375, 1139.9658203125]
