theta0 = -40.1235513904771
idx_peris = [21, 59, 96, 134, 171, 209]
t_last_peri = 0.47099350585937394
apocentre = [99.8221436508168, 99.05558073878517, 98.7061231129585, 98.51156996530206]
period = 1.7706318901909721
pericentre = 51.51034344878651
idx_peri = 171
idx_f = 181
idx_apos = [40, 78, 115, 153, 190]
t_peris = [200.0439453125, 579.9462890625, 950.0146484375, 1329.9169921875, 1699.9853515625, 2079.8876953125]
dec0 = -34.79496653412134
distance_f = 81.9294666637674
ra0 = 16.06119893844756
t_apos = [389.9951171875, 769.8974609375, 1139.9658203125, 1520.126953125, 1889.9365234375]
