r_h = nan
r_h_err = nan
chi2_sersic = nan
M_sersic = nan
M_sersic_err = nan
n_sersic = nan
n_sersic_err = nan
r_s_exp = 4.285898309305578
r_s_exp_err = 0.4952805793348469
chi2_exp = 0.2422206905248006
M_exp = 46.0003591666065
M_exp_err = 12.137447752142121
r_s_king = 3.5317887916341646
r_s_king_err = 1.460250477835831
c_king = 19.39443120409815
c_king_err = 35.67894892954599
chi2_king = 35.67894892954599
M_king = 51.32894499666662
M_king_err = 56.789119881782256
