lastmodel = "L3M11_9Gyr_smallperi.2"
x_i = 159.45982360839844
y_i = -252.45452880859375
z_i = 145.97607421875
v_x_i = -6.602980613708496
v_y_i = -4.4947309494018555
v_z_i = -24.849496841430664
dx = 3.3236988236828653
dv = 0.0038238792819161984
ra = 15.0183
ra_err = 0
dec = -33.7186
dec_err = 0
pmra = 0.14
pmra_err = 0.017
pmdec = -0.151
pmdec_err = 0.017
distance = 86.0
distance_err = 2
radial_velocity = 111.2
radial_velocity_err = 0.3
