f_sat_cen = 0.9579483377852748
PSAT = 0.2
num_per_bin = 20
bin_width = 0.05

[centring_error]
xi_stat = 0.12814358475582743
xi_sys = -0.2867214884716469
eta_stat = 0.12613161707804127
eta_sys = -0.12441421234647145
counts = 347
