position_err = 0.48226164936517396
ellipticity = 0.07000000029802322
ellipticity_err = 0.019999999552965164
position_angle = 43.0
position_angle_err = 8.0
bins = [0.22132671234597578, 0.8050218656225577, 1.1630391237832094, 1.348108359037558, 1.5126024572388772, 1.6971678710445166, 1.9042536713603226, 2.1366077609385483, 2.397313337377849, 2.689829805282175, 3.0180386804580572, 3.4174889186437496, 3.8344856340907487, 4.452707093029897, 5.06600983363533, 5.827984337150475, 6.97314753960812, 8.755314480267316, 10.697732921068198, 12.54984058770077, 14.13345868201576, 15.904379304026124, 17.84500708333553, 20.02242726465172, 22.465532890858018, 25.206742489270436, 28.282430245798842, 31.73340866829432, 35.60547014373213, 39.94999457536503, 44.824631162822904, 50.29406337196618, 56.43086724517849, 63.31647444135448, 71.04225278453833, 79.71071865943706, 89.43689734156025, 100.34984931274083, 115.39547485354612]
