position_err = 0.4822616493651739
ellipticity = 0.07000000029802322
ellipticity_err = 0.019999999552965164
position_angle = 43.0
position_angle_err = 8.0
bins = [0.22132671234597578, 0.8100400849928038, 1.182459847380568, 1.4006070401158315, 1.5715069462352134, 1.7632597947396327, 1.9929651078783939, 2.2361436298194612, 2.5089944191272138, 2.815138040001369, 3.158636832288995, 3.5553210675210276, 3.98913584872715, 4.773533834887534, 5.5933647449074355, 6.370041046217381, 8.456340050304357, 10.470468654520818, 12.54984058770077, 14.31652748312642, 16.083444207620534, 18.04592120968626, 20.247856622147197, 22.718468790109377, 25.490541235985923, 28.600857676921386, 32.090690122369786, 36.006346528584636, 40.3997852770634, 45.3293046307019, 50.86031631632299, 57.06621349854965, 64.02934466250854, 71.8421063281955, 80.60816909615923, 90.44385329338388, 101.47967247335609, 115.39547485354612]
