position_err = 0.7675295869750979
ellipticity = 0.07000000029802322
ellipticity_err = 0.019999999552965164
position_angle = 43.0
position_angle_err = 8.0
bins = [0.22132671234597578, 0.8087286681074265, 1.1763752967939167, 1.3763254980630086, 1.5442626079530368, 1.7326911444117854, 1.956013449587951, 2.1946831873005244, 2.4624750374974407, 2.762942435330048, 3.1000724006143225, 3.5287223260367804, 3.959291569920618, 4.768288063627686, 5.4547999675341226, 6.184911123146116, 8.266299074556558, 10.136988911688915, 11.98936533650355, 13.877080272571577, 15.616361048059531, 17.521845284965146, 19.65983376315474, 22.058696290768438, 24.75026431608446, 27.77025331149813, 31.15873669614112, 34.960677585806124, 39.22652542617549, 44.0128854263141, 49.38326967540237, 55.40893990957199, 62.16985311184834, 69.7557224927362, 78.26720793001658, 87.81725166416759, 98.53257697327585, 115.39547485354612]
