n_sersic = 0.6688222713275064
n_sersic_em = 0.11402191238668746
n_sersic_ep = 0.13587701687649656
log_M_s_sersic = 0.695815015660592
log_M_s_sersic_em = 0.06346057791433113
log_M_s_sersic_ep = 0.06157144266740444
log_R_h_sersic = 0.40852115980120585
log_R_h_sersic_em = 0.02699740919579069
log_R_h_sersic_ep = 0.02780623124727083
log_Sigma_bg_sersic = -4.965001566036436
log_Sigma_bg_sersic_em = 3.5322836160018145
log_Sigma_bg_sersic_ep = 2.6472701056583565
"log_σ_sersic" = -1.8314863412931808
"log_σ_sersic_em" = 0.6476503841999799
"log_σ_sersic_ep" = 0.4565385949381946
chi2_sersic = 0.18120774059157704
lp_sersic = 5.438997997801126
num_params_sersic = 4
log_M_exp2d = 2.5352913917986646
log_M_exp2d_em = 0.038437046694335564
log_M_exp2d_ep = 0.03941277346448491
log_R_s_exp2d = 0.16846316923510907
log_R_s_exp2d_em = 0.033920648594820524
log_R_s_exp2d_ep = 0.036387942570793086
"log_σ_exp2d" = -1.7628751260891358
"log_σ_exp2d_em" = 0.7164213979533711
"log_σ_exp2d_ep" = 0.4908145391035603
chi2_exp2d = 0.5516776234198196
lp_exp2d = 7.096135489962508
num_params_exp2d = 2
log_M_exp2d_inner = 2.609629005064927
log_M_exp2d_inner_em = 0.060297958044190025
log_M_exp2d_inner_ep = 0.07915866478554756
log_R_s_exp2d_inner = 0.2677283751516195
log_R_s_exp2d_inner_em = 0.06939594014452233
log_R_s_exp2d_inner_ep = 0.08264846963818345
"log_σ_exp2d_inner" = -1.7823250635846843
"log_σ_exp2d_inner_em" = 0.7102743172660504
"log_σ_exp2d_inner_ep" = 0.4991583000739801
chi2_exp2d_inner = 0.4187346525061609
lp_exp2d_inner = 6.13352456895888
num_params_exp2d_inner = 2
log_M_plummer = 2.569421013659685
log_M_plummer_em = 0.03911965631191361
log_M_plummer_ep = 0.03921753916199
log_R_s_plummer = 0.4373379987345041
log_R_s_plummer_em = 0.03950895381776892
log_R_s_plummer_ep = 0.03956032877384019
"log_σ_plummer" = -1.7889853074424915
"log_σ_plummer_em" = 0.7089849252106759
"log_σ_plummer_ep" = 0.494073271109148
chi2_plummer = 0.5067461595644461
lp_plummer = 7.320511495909214
num_params_plummer = 2
log_M_king = 2.5310748738482247
log_M_king_em = 0.04110848940834355
log_M_king_ep = 0.04033340562522447
log_R_s_king = 0.28196529619072486
log_R_s_king_em = 0.07156689377470618
log_R_s_king_ep = 0.07472592022191665
c_king = 5.884930305623292
c_king_em = 1.41864816214924
c_king_ep = 1.984625358423143
"log_σ_king" = -1.7894611794953224
"log_σ_king_em" = 0.6930303135981379
"log_σ_king_ep" = 0.49296264017825475
chi2_king = 0.4604876015775921
lp_king = 6.848904163404846
num_params_king = 3
