log_M_exp2d = 2.5364582462080456
log_M_exp2d_em = 0.036034594906832584
log_M_exp2d_ep = 0.0357473393218819
log_R_s_exp2d = 0.14822168543725153
log_R_s_exp2d_em = 0.029005256949079072
log_R_s_exp2d_ep = 0.03173774232370799
"log_σ_exp2d" = -1.7353202434764996
"log_σ_exp2d_em" = 0.7000804111754562
"log_σ_exp2d_ep" = 0.48709107909987903
chi2_exp2d = 0.7548402055764217
lp_exp2d = 7.5235421292201305
num_params_exp2d = 2
log_M_exp2d_inner = 2.656644679935898
log_M_exp2d_inner_em = 0.07448577542918677
log_M_exp2d_inner_ep = 0.10182971680639996
log_R_s_exp2d_inner = 0.2906831605716679
log_R_s_exp2d_inner_em = 0.07822060731382047
log_R_s_exp2d_inner_ep = 0.09478592774692979
"log_σ_exp2d_inner" = -1.7724822126220734
"log_σ_exp2d_inner_em" = 0.7173996961164835
"log_σ_exp2d_inner_ep" = 0.4961800705027808
chi2_exp2d_inner = 0.5336586001994936
lp_exp2d_inner = 6.261758859986212
num_params_exp2d_inner = 2
