n_sersic = 0.6920753636499681
n_sersic_em = 0.10364702731145659
n_sersic_ep = 0.12255253522293708
log_M_s_sersic = 0.7262351123809061
log_M_s_sersic_em = 0.058715898038251724
log_M_s_sersic_ep = 0.05574770469586632
log_R_h_sersic = 0.39267581133696194
log_R_h_sersic_em = 0.026681560612272837
log_R_h_sersic_ep = 0.025717001023032204
log_Sigma_bg_sersic = -4.8983749883074585
log_Sigma_bg_sersic_em = 3.6951500001304796
log_Sigma_bg_sersic_ep = 2.6261078939279905
"log_σ_sersic" = -1.8245361076162128
"log_σ_sersic_em" = 0.6666270893380128
"log_σ_sersic_ep" = 0.4775689988519456
chi2_sersic = 0.3900063266900006
lp_sersic = 6.135181495191743
num_params_sersic = 4
log_M_exp2d = 2.536628903211958
log_M_exp2d_em = 0.03586577585654327
log_M_exp2d_ep = 0.03525383359517331
log_R_s_exp2d = 0.14873955208428252
log_R_s_exp2d_em = 0.0296133981585235
log_R_s_exp2d_ep = 0.031153376202519817
"log_σ_exp2d" = -1.7486270182402188
"log_σ_exp2d_em" = 0.7235713446888046
"log_σ_exp2d_ep" = 0.4900397140552373
chi2_exp2d = 0.755023529633763
lp_exp2d = 7.522909558601432
num_params_exp2d = 2
log_M_exp2d_inner = 2.582403730213954
log_M_exp2d_inner_em = 0.05059138348269743
log_M_exp2d_inner_ep = 0.05687452095673695
log_R_s_exp2d_inner = 0.21407461006516418
log_R_s_exp2d_inner_em = 0.055388774927431744
log_R_s_exp2d_inner_ep = 0.06511311271438966
"log_σ_exp2d_inner" = -1.7217540895261758
"log_σ_exp2d_inner_em" = 0.7122022658994271
"log_σ_exp2d_inner_ep" = 0.4944465777933358
chi2_exp2d_inner = 0.755381612862994
lp_exp2d_inner = 5.8615419994597975
num_params_exp2d_inner = 2
log_M_plummer = 2.566644525254964
log_M_plummer_em = 0.03547564447136553
log_M_plummer_ep = 0.03605849816721873
log_R_s_plummer = 0.4134859995702139
log_R_s_plummer_em = 0.033652233780993523
log_R_s_plummer_ep = 0.03496242627891277
"log_σ_plummer" = -1.7827276921211155
"log_σ_plummer_em" = 0.7120233912431626
"log_σ_plummer_ep" = 0.486314009304027
chi2_plummer = 0.7003031223725679
lp_plummer = 7.806914779768646
num_params_plummer = 2
log_M_king = 2.5291650979303073
log_M_king_em = 0.03563529018250433
log_M_king_ep = 0.03625606911550694
log_R_s_king = 0.27480649525845446
log_R_s_king_em = 0.07039559996441719
log_R_s_king_ep = 0.06752107320808409
c_king = 5.617441218735202
c_king_em = 1.137202555578293
c_king_ep = 1.6647833706296424
"log_σ_king" = -1.791478943859326
"log_σ_king_em" = 0.721104221129647
"log_σ_king_ep" = 0.489434744991746
chi2_king = 0.5706180840899541
lp_king = 7.718715508965067
num_params_king = 3
